run,type,module,name,attrname,attrvalue,vectime,vecvalue
General-0-20230913-22:04:37-20585,runattr,,,configname,General,,
General-0-20230913-22:04:37-20585,runattr,,,datetime,20230913-22:04:37,,
General-0-20230913-22:04:37-20585,runattr,,,datetimef,20230913-220437,,
General-0-20230913-22:04:37-20585,runattr,,,experiment,General,,
General-0-20230913-22:04:37-20585,runattr,,,inifile,/home/ubuntu/omnetpp-6.0.1/samples/inet4.5/tutorials/extensibility_routing/omnetpp.ini,,
General-0-20230913-22:04:37-20585,runattr,,,iterationvars,,,
General-0-20230913-22:04:37-20585,runattr,,,iterationvarsd,,,
General-0-20230913-22:04:37-20585,runattr,,,iterationvarsf,,,
General-0-20230913-22:04:37-20585,runattr,,,measurement,,,
General-0-20230913-22:04:37-20585,runattr,,,network,TSN_multipath,,
General-0-20230913-22:04:37-20585,runattr,,,processid,20585,,
General-0-20230913-22:04:37-20585,runattr,,,repetition,0,,
General-0-20230913-22:04:37-20585,runattr,,,replication,#0,,
General-0-20230913-22:04:37-20585,runattr,,,resultdir,results,,
General-0-20230913-22:04:37-20585,runattr,,,runnumber,0,,
General-0-20230913-22:04:37-20585,runattr,,,seedset,0,,
General-0-20230913-22:04:37-20585,config,,,image-path,/home/ubuntu/omnetpp-6.0.1/samples/inet4.5/images,,
General-0-20230913-22:04:37-20585,config,,,network,TSN_multipath,,
General-0-20230913-22:04:37-20585,config,,,sim-time-limit,10ms,,
General-0-20230913-22:04:37-20585,config,,,*.macForwardingTableConfigurator.typename,,,
General-0-20230913-22:04:37-20585,config,,,*.*.hasStreamRedundancy,true,,
General-0-20230913-22:04:37-20585,config,,,*.*.bridging.streamRelay.typename,StreamRelayLayer,,
General-0-20230913-22:04:37-20585,config,,,*.*.bridging.streamCoder.typename,StreamCoderLayer,,
General-0-20230913-22:04:37-20585,config,,,*.streamRedundancyConfigurator.typename,StreamRedundancyConfigurator,,
General-0-20230913-22:04:37-20585,config,,,*.host0.eth[0].bitrate,100Mbps,,
General-0-20230913-22:04:37-20585,config,,,*.switch0.eth[0].bitrate,100Mbps,,
General-0-20230913-22:04:37-20585,config,,,*.switch0.eth[1].bitrate,220Mbps,,
General-0-20230913-22:04:37-20585,config,,,*.switch0.eth[2].bitrate,120Mbps,,
General-0-20230913-22:04:37-20585,config,,,*.switch0.eth[3].bitrate,130Mbps,,
General-0-20230913-22:04:37-20585,config,,,*.switch0.eth[4].bitrate,240Mbps,,
General-0-20230913-22:04:37-20585,config,,,*.switch0.eth[5].bitrate,160Mbps,,
General-0-20230913-22:04:37-20585,config,,,*.switch0.eth[6].bitrate,180Mbps,,
General-0-20230913-22:04:37-20585,config,,,*.switch0.eth[7].bitrate,120Mbps,,
General-0-20230913-22:04:37-20585,config,,,*.switch0.eth[8].bitrate,120Mbps,,
General-0-20230913-22:04:37-20585,config,,,*.switch0.eth[9].bitrate,130Mbps,,
General-0-20230913-22:04:37-20585,config,,,*.switch0.eth[10].bitrate,170Mbps,,
General-0-20230913-22:04:37-20585,config,,,*.switch0.eth[11].bitrate,170Mbps,,
General-0-20230913-22:04:37-20585,config,,,*.switch0.eth[12].bitrate,170Mbps,,
General-0-20230913-22:04:37-20585,config,,,*.switch0.eth[13].bitrate,230Mbps,,
General-0-20230913-22:04:37-20585,config,,,*.switch0.eth[14].bitrate,120Mbps,,
General-0-20230913-22:04:37-20585,config,,,*.switch0.eth[15].bitrate,120Mbps,,
General-0-20230913-22:04:37-20585,config,,,*.switch0.eth[16].bitrate,240Mbps,,
General-0-20230913-22:04:37-20585,config,,,*.switch0.eth[17].bitrate,150Mbps,,
General-0-20230913-22:04:37-20585,config,,,*.switch0.eth[18].bitrate,140Mbps,,
General-0-20230913-22:04:37-20585,config,,,*.switch0.eth[19].bitrate,140Mbps,,
General-0-20230913-22:04:37-20585,config,,,*.switch0.eth[20].bitrate,130Mbps,,
General-0-20230913-22:04:37-20585,config,,,*.switch0.eth[21].bitrate,180Mbps,,
General-0-20230913-22:04:37-20585,config,,,*.switch0.eth[22].bitrate,180Mbps,,
General-0-20230913-22:04:37-20585,config,,,*.switch0.eth[23].bitrate,160Mbps,,
General-0-20230913-22:04:37-20585,config,,,*.switch0.eth[24].bitrate,240Mbps,,
General-0-20230913-22:04:37-20585,config,,,*.switch0.eth[25].bitrate,220Mbps,,
General-0-20230913-22:04:37-20585,config,,,*.switch0.eth[26].bitrate,230Mbps,,
General-0-20230913-22:04:37-20585,config,,,*.host1.eth[0].bitrate,100Mbps,,
General-0-20230913-22:04:37-20585,config,,,*.switch1.eth[0].bitrate,100Mbps,,
General-0-20230913-22:04:37-20585,config,,,*.switch1.eth[1].bitrate,220Mbps,,
General-0-20230913-22:04:37-20585,config,,,*.switch1.eth[2].bitrate,170Mbps,,
General-0-20230913-22:04:37-20585,config,,,*.switch1.eth[3].bitrate,230Mbps,,
General-0-20230913-22:04:37-20585,config,,,*.switch1.eth[4].bitrate,190Mbps,,
General-0-20230913-22:04:37-20585,config,,,*.switch1.eth[5].bitrate,240Mbps,,
General-0-20230913-22:04:37-20585,config,,,*.switch1.eth[6].bitrate,230Mbps,,
General-0-20230913-22:04:37-20585,config,,,*.switch1.eth[7].bitrate,190Mbps,,
General-0-20230913-22:04:37-20585,config,,,*.switch1.eth[8].bitrate,240Mbps,,
General-0-20230913-22:04:37-20585,config,,,*.switch1.eth[9].bitrate,120Mbps,,
General-0-20230913-22:04:37-20585,config,,,*.switch1.eth[10].bitrate,130Mbps,,
General-0-20230913-22:04:37-20585,config,,,*.switch1.eth[11].bitrate,140Mbps,,
General-0-20230913-22:04:37-20585,config,,,*.switch1.eth[12].bitrate,180Mbps,,
General-0-20230913-22:04:37-20585,config,,,*.switch1.eth[13].bitrate,170Mbps,,
General-0-20230913-22:04:37-20585,config,,,*.switch1.eth[14].bitrate,220Mbps,,
General-0-20230913-22:04:37-20585,config,,,*.switch1.eth[15].bitrate,120Mbps,,
General-0-20230913-22:04:37-20585,config,,,*.switch1.eth[16].bitrate,130Mbps,,
General-0-20230913-22:04:37-20585,config,,,*.switch1.eth[17].bitrate,210Mbps,,
General-0-20230913-22:04:37-20585,config,,,*.host2.eth[0].bitrate,100Mbps,,
General-0-20230913-22:04:37-20585,config,,,*.switch2.eth[0].bitrate,100Mbps,,
General-0-20230913-22:04:37-20585,config,,,*.switch2.eth[1].bitrate,120Mbps,,
General-0-20230913-22:04:37-20585,config,,,*.switch2.eth[2].bitrate,160Mbps,,
General-0-20230913-22:04:37-20585,config,,,*.switch2.eth[3].bitrate,220Mbps,,
General-0-20230913-22:04:37-20585,config,,,*.switch2.eth[4].bitrate,220Mbps,,
General-0-20230913-22:04:37-20585,config,,,*.switch2.eth[5].bitrate,210Mbps,,
General-0-20230913-22:04:37-20585,config,,,*.switch2.eth[6].bitrate,190Mbps,,
General-0-20230913-22:04:37-20585,config,,,*.switch2.eth[7].bitrate,210Mbps,,
General-0-20230913-22:04:37-20585,config,,,*.switch2.eth[8].bitrate,200Mbps,,
General-0-20230913-22:04:37-20585,config,,,*.switch2.eth[9].bitrate,240Mbps,,
General-0-20230913-22:04:37-20585,config,,,*.switch2.eth[10].bitrate,190Mbps,,
General-0-20230913-22:04:37-20585,config,,,*.switch2.eth[11].bitrate,170Mbps,,
General-0-20230913-22:04:37-20585,config,,,*.switch2.eth[12].bitrate,240Mbps,,
General-0-20230913-22:04:37-20585,config,,,*.switch2.eth[13].bitrate,170Mbps,,
General-0-20230913-22:04:37-20585,config,,,*.switch2.eth[14].bitrate,190Mbps,,
General-0-20230913-22:04:37-20585,config,,,*.switch2.eth[15].bitrate,190Mbps,,
General-0-20230913-22:04:37-20585,config,,,*.switch2.eth[16].bitrate,230Mbps,,
General-0-20230913-22:04:37-20585,config,,,*.switch2.eth[17].bitrate,240Mbps,,
General-0-20230913-22:04:37-20585,config,,,*.host3.eth[0].bitrate,100Mbps,,
General-0-20230913-22:04:37-20585,config,,,*.switch3.eth[0].bitrate,100Mbps,,
General-0-20230913-22:04:37-20585,config,,,*.switch3.eth[1].bitrate,130Mbps,,
General-0-20230913-22:04:37-20585,config,,,*.switch3.eth[2].bitrate,240Mbps,,
General-0-20230913-22:04:37-20585,config,,,*.switch3.eth[3].bitrate,190Mbps,,
General-0-20230913-22:04:37-20585,config,,,*.switch3.eth[4].bitrate,220Mbps,,
General-0-20230913-22:04:37-20585,config,,,*.switch3.eth[5].bitrate,230Mbps,,
General-0-20230913-22:04:37-20585,config,,,*.switch3.eth[6].bitrate,230Mbps,,
General-0-20230913-22:04:37-20585,config,,,*.switch3.eth[7].bitrate,220Mbps,,
General-0-20230913-22:04:37-20585,config,,,*.switch3.eth[8].bitrate,150Mbps,,
General-0-20230913-22:04:37-20585,config,,,*.switch3.eth[9].bitrate,230Mbps,,
General-0-20230913-22:04:37-20585,config,,,*.switch3.eth[10].bitrate,240Mbps,,
General-0-20230913-22:04:37-20585,config,,,*.switch3.eth[11].bitrate,240Mbps,,
General-0-20230913-22:04:37-20585,config,,,*.switch3.eth[12].bitrate,160Mbps,,
General-0-20230913-22:04:37-20585,config,,,*.switch3.eth[13].bitrate,230Mbps,,
General-0-20230913-22:04:37-20585,config,,,*.switch3.eth[14].bitrate,210Mbps,,
General-0-20230913-22:04:37-20585,config,,,*.switch3.eth[15].bitrate,160Mbps,,
General-0-20230913-22:04:37-20585,config,,,*.switch3.eth[16].bitrate,220Mbps,,
General-0-20230913-22:04:37-20585,config,,,*.switch3.eth[17].bitrate,210Mbps,,
General-0-20230913-22:04:37-20585,config,,,*.switch3.eth[18].bitrate,120Mbps,,
General-0-20230913-22:04:37-20585,config,,,*.switch3.eth[19].bitrate,120Mbps,,
General-0-20230913-22:04:37-20585,config,,,*.switch3.eth[20].bitrate,190Mbps,,
General-0-20230913-22:04:37-20585,config,,,*.switch3.eth[21].bitrate,120Mbps,,
General-0-20230913-22:04:37-20585,config,,,*.switch3.eth[22].bitrate,210Mbps,,
General-0-20230913-22:04:37-20585,config,,,*.switch3.eth[23].bitrate,170Mbps,,
General-0-20230913-22:04:37-20585,config,,,*.switch3.eth[24].bitrate,240Mbps,,
General-0-20230913-22:04:37-20585,config,,,*.switch3.eth[25].bitrate,180Mbps,,
General-0-20230913-22:04:37-20585,config,,,*.switch3.eth[26].bitrate,160Mbps,,
General-0-20230913-22:04:37-20585,config,,,*.switch3.eth[27].bitrate,220Mbps,,
General-0-20230913-22:04:37-20585,config,,,*.switch3.eth[28].bitrate,210Mbps,,
General-0-20230913-22:04:37-20585,config,,,*.switch3.eth[29].bitrate,240Mbps,,
General-0-20230913-22:04:37-20585,config,,,*.switch3.eth[30].bitrate,210Mbps,,
General-0-20230913-22:04:37-20585,config,,,*.switch3.eth[31].bitrate,180Mbps,,
General-0-20230913-22:04:37-20585,config,,,*.switch3.eth[32].bitrate,230Mbps,,
General-0-20230913-22:04:37-20585,config,,,*.switch3.eth[33].bitrate,150Mbps,,
General-0-20230913-22:04:37-20585,config,,,*.host4.eth[0].bitrate,100Mbps,,
General-0-20230913-22:04:37-20585,config,,,*.switch4.eth[0].bitrate,100Mbps,,
General-0-20230913-22:04:37-20585,config,,,*.switch4.eth[1].bitrate,230Mbps,,
General-0-20230913-22:04:37-20585,config,,,*.switch4.eth[2].bitrate,150Mbps,,
General-0-20230913-22:04:37-20585,config,,,*.switch4.eth[3].bitrate,240Mbps,,
General-0-20230913-22:04:37-20585,config,,,*.switch4.eth[4].bitrate,220Mbps,,
General-0-20230913-22:04:37-20585,config,,,*.switch4.eth[5].bitrate,180Mbps,,
General-0-20230913-22:04:37-20585,config,,,*.switch4.eth[6].bitrate,200Mbps,,
General-0-20230913-22:04:37-20585,config,,,*.switch4.eth[7].bitrate,170Mbps,,
General-0-20230913-22:04:37-20585,config,,,*.switch4.eth[8].bitrate,180Mbps,,
General-0-20230913-22:04:37-20585,config,,,*.switch4.eth[9].bitrate,160Mbps,,
General-0-20230913-22:04:37-20585,config,,,*.switch4.eth[10].bitrate,160Mbps,,
General-0-20230913-22:04:37-20585,config,,,*.switch4.eth[11].bitrate,240Mbps,,
General-0-20230913-22:04:37-20585,config,,,*.switch4.eth[12].bitrate,160Mbps,,
General-0-20230913-22:04:37-20585,config,,,*.switch4.eth[13].bitrate,150Mbps,,
General-0-20230913-22:04:37-20585,config,,,*.switch4.eth[14].bitrate,240Mbps,,
General-0-20230913-22:04:37-20585,config,,,*.switch4.eth[15].bitrate,140Mbps,,
General-0-20230913-22:04:37-20585,config,,,*.switch4.eth[16].bitrate,220Mbps,,
General-0-20230913-22:04:37-20585,config,,,*.switch4.eth[17].bitrate,160Mbps,,
General-0-20230913-22:04:37-20585,config,,,*.switch4.eth[18].bitrate,220Mbps,,
General-0-20230913-22:04:37-20585,config,,,*.switch4.eth[19].bitrate,200Mbps,,
General-0-20230913-22:04:37-20585,config,,,*.switch4.eth[20].bitrate,190Mbps,,
General-0-20230913-22:04:37-20585,config,,,*.switch4.eth[21].bitrate,140Mbps,,
General-0-20230913-22:04:37-20585,config,,,*.switch4.eth[22].bitrate,170Mbps,,
General-0-20230913-22:04:37-20585,config,,,*.switch4.eth[23].bitrate,200Mbps,,
General-0-20230913-22:04:37-20585,config,,,*.switch4.eth[24].bitrate,240Mbps,,
General-0-20230913-22:04:37-20585,config,,,*.switch4.eth[25].bitrate,200Mbps,,
General-0-20230913-22:04:37-20585,config,,,*.switch4.eth[26].bitrate,160Mbps,,
General-0-20230913-22:04:37-20585,config,,,*.switch4.eth[27].bitrate,120Mbps,,
General-0-20230913-22:04:37-20585,config,,,*.switch4.eth[28].bitrate,220Mbps,,
General-0-20230913-22:04:37-20585,config,,,*.switch4.eth[29].bitrate,160Mbps,,
General-0-20230913-22:04:37-20585,config,,,*.switch4.eth[30].bitrate,240Mbps,,
General-0-20230913-22:04:37-20585,config,,,*.switch4.eth[31].bitrate,170Mbps,,
General-0-20230913-22:04:37-20585,config,,,*.switch4.eth[32].bitrate,210Mbps,,
General-0-20230913-22:04:37-20585,config,,,*.host5.eth[0].bitrate,100Mbps,,
General-0-20230913-22:04:37-20585,config,,,*.switch5.eth[0].bitrate,100Mbps,,
General-0-20230913-22:04:37-20585,config,,,*.switch5.eth[1].bitrate,240Mbps,,
General-0-20230913-22:04:37-20585,config,,,*.switch5.eth[2].bitrate,170Mbps,,
General-0-20230913-22:04:37-20585,config,,,*.switch5.eth[3].bitrate,230Mbps,,
General-0-20230913-22:04:37-20585,config,,,*.switch5.eth[4].bitrate,200Mbps,,
General-0-20230913-22:04:37-20585,config,,,*.switch5.eth[5].bitrate,210Mbps,,
General-0-20230913-22:04:37-20585,config,,,*.switch5.eth[6].bitrate,160Mbps,,
General-0-20230913-22:04:37-20585,config,,,*.switch5.eth[7].bitrate,220Mbps,,
General-0-20230913-22:04:37-20585,config,,,*.switch5.eth[8].bitrate,210Mbps,,
General-0-20230913-22:04:37-20585,config,,,*.switch5.eth[9].bitrate,160Mbps,,
General-0-20230913-22:04:37-20585,config,,,*.switch5.eth[10].bitrate,230Mbps,,
General-0-20230913-22:04:37-20585,config,,,*.switch5.eth[11].bitrate,160Mbps,,
General-0-20230913-22:04:37-20585,config,,,*.switch5.eth[12].bitrate,150Mbps,,
General-0-20230913-22:04:37-20585,config,,,*.switch5.eth[13].bitrate,190Mbps,,
General-0-20230913-22:04:37-20585,config,,,*.switch5.eth[14].bitrate,220Mbps,,
General-0-20230913-22:04:37-20585,config,,,*.switch5.eth[15].bitrate,180Mbps,,
General-0-20230913-22:04:37-20585,config,,,*.switch5.eth[16].bitrate,140Mbps,,
General-0-20230913-22:04:37-20585,config,,,*.switch5.eth[17].bitrate,120Mbps,,
General-0-20230913-22:04:37-20585,config,,,*.switch5.eth[18].bitrate,130Mbps,,
General-0-20230913-22:04:37-20585,config,,,*.switch5.eth[19].bitrate,220Mbps,,
General-0-20230913-22:04:37-20585,config,,,*.switch5.eth[20].bitrate,180Mbps,,
General-0-20230913-22:04:37-20585,config,,,*.switch5.eth[21].bitrate,120Mbps,,
General-0-20230913-22:04:37-20585,config,,,*.switch5.eth[22].bitrate,240Mbps,,
General-0-20230913-22:04:37-20585,config,,,*.switch5.eth[23].bitrate,150Mbps,,
General-0-20230913-22:04:37-20585,config,,,*.switch5.eth[24].bitrate,180Mbps,,
General-0-20230913-22:04:37-20585,config,,,*.host6.eth[0].bitrate,100Mbps,,
General-0-20230913-22:04:37-20585,config,,,*.switch6.eth[0].bitrate,100Mbps,,
General-0-20230913-22:04:37-20585,config,,,*.switch6.eth[1].bitrate,220Mbps,,
General-0-20230913-22:04:37-20585,config,,,*.switch6.eth[2].bitrate,170Mbps,,
General-0-20230913-22:04:37-20585,config,,,*.switch6.eth[3].bitrate,140Mbps,,
General-0-20230913-22:04:37-20585,config,,,*.switch6.eth[4].bitrate,120Mbps,,
General-0-20230913-22:04:37-20585,config,,,*.switch6.eth[5].bitrate,190Mbps,,
General-0-20230913-22:04:37-20585,config,,,*.switch6.eth[6].bitrate,130Mbps,,
General-0-20230913-22:04:37-20585,config,,,*.switch6.eth[7].bitrate,210Mbps,,
General-0-20230913-22:04:37-20585,config,,,*.switch6.eth[8].bitrate,220Mbps,,
General-0-20230913-22:04:37-20585,config,,,*.switch6.eth[9].bitrate,150Mbps,,
General-0-20230913-22:04:37-20585,config,,,*.switch6.eth[10].bitrate,130Mbps,,
General-0-20230913-22:04:37-20585,config,,,*.switch6.eth[11].bitrate,210Mbps,,
General-0-20230913-22:04:37-20585,config,,,*.switch6.eth[12].bitrate,190Mbps,,
General-0-20230913-22:04:37-20585,config,,,*.switch6.eth[13].bitrate,120Mbps,,
General-0-20230913-22:04:37-20585,config,,,*.switch6.eth[14].bitrate,120Mbps,,
General-0-20230913-22:04:37-20585,config,,,*.switch6.eth[15].bitrate,210Mbps,,
General-0-20230913-22:04:37-20585,config,,,*.switch6.eth[16].bitrate,120Mbps,,
General-0-20230913-22:04:37-20585,config,,,*.switch6.eth[17].bitrate,230Mbps,,
General-0-20230913-22:04:37-20585,config,,,*.switch6.eth[18].bitrate,210Mbps,,
General-0-20230913-22:04:37-20585,config,,,*.switch6.eth[19].bitrate,140Mbps,,
General-0-20230913-22:04:37-20585,config,,,*.switch6.eth[20].bitrate,150Mbps,,
General-0-20230913-22:04:37-20585,config,,,*.host7.eth[0].bitrate,100Mbps,,
General-0-20230913-22:04:37-20585,config,,,*.switch7.eth[0].bitrate,100Mbps,,
General-0-20230913-22:04:37-20585,config,,,*.switch7.eth[1].bitrate,160Mbps,,
General-0-20230913-22:04:37-20585,config,,,*.switch7.eth[2].bitrate,150Mbps,,
General-0-20230913-22:04:37-20585,config,,,*.switch7.eth[3].bitrate,180Mbps,,
General-0-20230913-22:04:37-20585,config,,,*.switch7.eth[4].bitrate,220Mbps,,
General-0-20230913-22:04:37-20585,config,,,*.switch7.eth[5].bitrate,140Mbps,,
General-0-20230913-22:04:37-20585,config,,,*.switch7.eth[6].bitrate,210Mbps,,
General-0-20230913-22:04:37-20585,config,,,*.switch7.eth[7].bitrate,150Mbps,,
General-0-20230913-22:04:37-20585,config,,,*.switch7.eth[8].bitrate,190Mbps,,
General-0-20230913-22:04:37-20585,config,,,*.switch7.eth[9].bitrate,210Mbps,,
General-0-20230913-22:04:37-20585,config,,,*.switch7.eth[10].bitrate,180Mbps,,
General-0-20230913-22:04:37-20585,config,,,*.switch7.eth[11].bitrate,180Mbps,,
General-0-20230913-22:04:37-20585,config,,,*.switch7.eth[12].bitrate,210Mbps,,
General-0-20230913-22:04:37-20585,config,,,*.switch7.eth[13].bitrate,140Mbps,,
General-0-20230913-22:04:37-20585,config,,,*.switch7.eth[14].bitrate,120Mbps,,
General-0-20230913-22:04:37-20585,config,,,*.switch7.eth[15].bitrate,120Mbps,,
General-0-20230913-22:04:37-20585,config,,,*.switch7.eth[16].bitrate,180Mbps,,
General-0-20230913-22:04:37-20585,config,,,*.switch7.eth[17].bitrate,120Mbps,,
General-0-20230913-22:04:37-20585,config,,,*.switch7.eth[18].bitrate,240Mbps,,
General-0-20230913-22:04:37-20585,config,,,*.switch7.eth[19].bitrate,210Mbps,,
General-0-20230913-22:04:37-20585,config,,,*.switch7.eth[20].bitrate,200Mbps,,
General-0-20230913-22:04:37-20585,config,,,*.switch7.eth[21].bitrate,230Mbps,,
General-0-20230913-22:04:37-20585,config,,,*.switch7.eth[22].bitrate,140Mbps,,
General-0-20230913-22:04:37-20585,config,,,*.host8.eth[0].bitrate,100Mbps,,
General-0-20230913-22:04:37-20585,config,,,*.switch8.eth[0].bitrate,100Mbps,,
General-0-20230913-22:04:37-20585,config,,,*.switch8.eth[1].bitrate,180Mbps,,
General-0-20230913-22:04:37-20585,config,,,*.switch8.eth[2].bitrate,230Mbps,,
General-0-20230913-22:04:37-20585,config,,,*.switch8.eth[3].bitrate,230Mbps,,
General-0-20230913-22:04:37-20585,config,,,*.switch8.eth[4].bitrate,160Mbps,,
General-0-20230913-22:04:37-20585,config,,,*.switch8.eth[5].bitrate,150Mbps,,
General-0-20230913-22:04:37-20585,config,,,*.switch8.eth[6].bitrate,200Mbps,,
General-0-20230913-22:04:37-20585,config,,,*.switch8.eth[7].bitrate,170Mbps,,
General-0-20230913-22:04:37-20585,config,,,*.switch8.eth[8].bitrate,140Mbps,,
General-0-20230913-22:04:37-20585,config,,,*.switch8.eth[9].bitrate,120Mbps,,
General-0-20230913-22:04:37-20585,config,,,*.switch8.eth[10].bitrate,190Mbps,,
General-0-20230913-22:04:37-20585,config,,,*.switch8.eth[11].bitrate,130Mbps,,
General-0-20230913-22:04:37-20585,config,,,*.switch8.eth[12].bitrate,190Mbps,,
General-0-20230913-22:04:37-20585,config,,,*.switch8.eth[13].bitrate,190Mbps,,
General-0-20230913-22:04:37-20585,config,,,*.switch8.eth[14].bitrate,220Mbps,,
General-0-20230913-22:04:37-20585,config,,,*.host9.eth[0].bitrate,100Mbps,,
General-0-20230913-22:04:37-20585,config,,,*.switch9.eth[0].bitrate,100Mbps,,
General-0-20230913-22:04:37-20585,config,,,*.switch9.eth[1].bitrate,240Mbps,,
General-0-20230913-22:04:37-20585,config,,,*.switch9.eth[2].bitrate,210Mbps,,
General-0-20230913-22:04:37-20585,config,,,*.switch9.eth[3].bitrate,210Mbps,,
General-0-20230913-22:04:37-20585,config,,,*.switch9.eth[4].bitrate,190Mbps,,
General-0-20230913-22:04:37-20585,config,,,*.switch9.eth[5].bitrate,240Mbps,,
General-0-20230913-22:04:37-20585,config,,,*.switch9.eth[6].bitrate,220Mbps,,
General-0-20230913-22:04:37-20585,config,,,*.switch9.eth[7].bitrate,120Mbps,,
General-0-20230913-22:04:37-20585,config,,,*.switch9.eth[8].bitrate,120Mbps,,
General-0-20230913-22:04:37-20585,config,,,*.switch9.eth[9].bitrate,240Mbps,,
General-0-20230913-22:04:37-20585,config,,,*.switch9.eth[10].bitrate,140Mbps,,
General-0-20230913-22:04:37-20585,config,,,*.switch9.eth[11].bitrate,120Mbps,,
General-0-20230913-22:04:37-20585,config,,,*.switch9.eth[12].bitrate,230Mbps,,
General-0-20230913-22:04:37-20585,config,,,*.switch9.eth[13].bitrate,170Mbps,,
General-0-20230913-22:04:37-20585,config,,,*.switch9.eth[14].bitrate,150Mbps,,
General-0-20230913-22:04:37-20585,config,,,*.switch9.eth[15].bitrate,240Mbps,,
General-0-20230913-22:04:37-20585,config,,,*.switch9.eth[16].bitrate,220Mbps,,
General-0-20230913-22:04:37-20585,config,,,*.host10.eth[0].bitrate,100Mbps,,
General-0-20230913-22:04:37-20585,config,,,*.switch10.eth[0].bitrate,100Mbps,,
General-0-20230913-22:04:37-20585,config,,,*.switch10.eth[1].bitrate,120Mbps,,
General-0-20230913-22:04:37-20585,config,,,*.switch10.eth[2].bitrate,190Mbps,,
General-0-20230913-22:04:37-20585,config,,,*.switch10.eth[3].bitrate,240Mbps,,
General-0-20230913-22:04:37-20585,config,,,*.switch10.eth[4].bitrate,160Mbps,,
General-0-20230913-22:04:37-20585,config,,,*.switch10.eth[5].bitrate,160Mbps,,
General-0-20230913-22:04:37-20585,config,,,*.switch10.eth[6].bitrate,220Mbps,,
General-0-20230913-22:04:37-20585,config,,,*.switch10.eth[7].bitrate,240Mbps,,
General-0-20230913-22:04:37-20585,config,,,*.switch10.eth[8].bitrate,130Mbps,,
General-0-20230913-22:04:37-20585,config,,,*.switch10.eth[9].bitrate,190Mbps,,
General-0-20230913-22:04:37-20585,config,,,*.switch10.eth[10].bitrate,200Mbps,,
General-0-20230913-22:04:37-20585,config,,,*.switch10.eth[11].bitrate,180Mbps,,
General-0-20230913-22:04:37-20585,config,,,*.switch10.eth[12].bitrate,170Mbps,,
General-0-20230913-22:04:37-20585,config,,,*.switch10.eth[13].bitrate,130Mbps,,
General-0-20230913-22:04:37-20585,config,,,*.switch10.eth[14].bitrate,150Mbps,,
General-0-20230913-22:04:37-20585,config,,,*.switch10.eth[15].bitrate,210Mbps,,
General-0-20230913-22:04:37-20585,config,,,*.switch10.eth[16].bitrate,180Mbps,,
General-0-20230913-22:04:37-20585,config,,,*.switch10.eth[17].bitrate,180Mbps,,
General-0-20230913-22:04:37-20585,config,,,*.switch10.eth[18].bitrate,240Mbps,,
General-0-20230913-22:04:37-20585,config,,,*.switch10.eth[19].bitrate,220Mbps,,
General-0-20230913-22:04:37-20585,config,,,*.switch10.eth[20].bitrate,160Mbps,,
General-0-20230913-22:04:37-20585,config,,,*.switch10.eth[21].bitrate,150Mbps,,
General-0-20230913-22:04:37-20585,config,,,*.switch10.eth[22].bitrate,210Mbps,,
General-0-20230913-22:04:37-20585,config,,,*.host11.eth[0].bitrate,100Mbps,,
General-0-20230913-22:04:37-20585,config,,,*.switch11.eth[0].bitrate,100Mbps,,
General-0-20230913-22:04:37-20585,config,,,*.switch11.eth[1].bitrate,160Mbps,,
General-0-20230913-22:04:37-20585,config,,,*.switch11.eth[2].bitrate,240Mbps,,
General-0-20230913-22:04:37-20585,config,,,*.switch11.eth[3].bitrate,230Mbps,,
General-0-20230913-22:04:37-20585,config,,,*.switch11.eth[4].bitrate,120Mbps,,
General-0-20230913-22:04:37-20585,config,,,*.switch11.eth[5].bitrate,180Mbps,,
General-0-20230913-22:04:37-20585,config,,,*.switch11.eth[6].bitrate,220Mbps,,
General-0-20230913-22:04:37-20585,config,,,*.switch11.eth[7].bitrate,170Mbps,,
General-0-20230913-22:04:37-20585,config,,,*.switch11.eth[8].bitrate,150Mbps,,
General-0-20230913-22:04:37-20585,config,,,*.switch11.eth[9].bitrate,220Mbps,,
General-0-20230913-22:04:37-20585,config,,,*.switch11.eth[10].bitrate,140Mbps,,
General-0-20230913-22:04:37-20585,config,,,*.switch11.eth[11].bitrate,170Mbps,,
General-0-20230913-22:04:37-20585,config,,,*.switch11.eth[12].bitrate,160Mbps,,
General-0-20230913-22:04:37-20585,config,,,*.switch11.eth[13].bitrate,170Mbps,,
General-0-20230913-22:04:37-20585,config,,,*.switch11.eth[14].bitrate,210Mbps,,
General-0-20230913-22:04:37-20585,config,,,*.switch11.eth[15].bitrate,200Mbps,,
General-0-20230913-22:04:37-20585,config,,,*.host12.eth[0].bitrate,100Mbps,,
General-0-20230913-22:04:37-20585,config,,,*.switch12.eth[0].bitrate,100Mbps,,
General-0-20230913-22:04:37-20585,config,,,*.switch12.eth[1].bitrate,120Mbps,,
General-0-20230913-22:04:37-20585,config,,,*.switch12.eth[2].bitrate,230Mbps,,
General-0-20230913-22:04:37-20585,config,,,*.switch12.eth[3].bitrate,160Mbps,,
General-0-20230913-22:04:37-20585,config,,,*.switch12.eth[4].bitrate,160Mbps,,
General-0-20230913-22:04:37-20585,config,,,*.switch12.eth[5].bitrate,150Mbps,,
General-0-20230913-22:04:37-20585,config,,,*.switch12.eth[6].bitrate,130Mbps,,
General-0-20230913-22:04:37-20585,config,,,*.switch12.eth[7].bitrate,140Mbps,,
General-0-20230913-22:04:37-20585,config,,,*.switch12.eth[8].bitrate,170Mbps,,
General-0-20230913-22:04:37-20585,config,,,*.switch12.eth[9].bitrate,220Mbps,,
General-0-20230913-22:04:37-20585,config,,,*.switch12.eth[10].bitrate,180Mbps,,
General-0-20230913-22:04:37-20585,config,,,*.switch12.eth[11].bitrate,120Mbps,,
General-0-20230913-22:04:37-20585,config,,,*.switch12.eth[12].bitrate,140Mbps,,
General-0-20230913-22:04:37-20585,config,,,*.switch12.eth[13].bitrate,120Mbps,,
General-0-20230913-22:04:37-20585,config,,,*.switch12.eth[14].bitrate,150Mbps,,
General-0-20230913-22:04:37-20585,config,,,*.switch12.eth[15].bitrate,180Mbps,,
General-0-20230913-22:04:37-20585,config,,,*.switch12.eth[16].bitrate,210Mbps,,
General-0-20230913-22:04:37-20585,config,,,*.switch12.eth[17].bitrate,220Mbps,,
General-0-20230913-22:04:37-20585,config,,,*.switch12.eth[18].bitrate,200Mbps,,
General-0-20230913-22:04:37-20585,config,,,*.switch12.eth[19].bitrate,170Mbps,,
General-0-20230913-22:04:37-20585,config,,,*.switch12.eth[20].bitrate,170Mbps,,
General-0-20230913-22:04:37-20585,config,,,*.switch12.eth[21].bitrate,120Mbps,,
General-0-20230913-22:04:37-20585,config,,,*.switch12.eth[22].bitrate,160Mbps,,
General-0-20230913-22:04:37-20585,config,,,*.switch12.eth[23].bitrate,240Mbps,,
General-0-20230913-22:04:37-20585,config,,,*.switch12.eth[24].bitrate,220Mbps,,
General-0-20230913-22:04:37-20585,config,,,*.switch12.eth[25].bitrate,170Mbps,,
General-0-20230913-22:04:37-20585,config,,,*.switch12.eth[26].bitrate,140Mbps,,
General-0-20230913-22:04:37-20585,config,,,*.switch12.eth[27].bitrate,160Mbps,,
General-0-20230913-22:04:37-20585,config,,,*.switch12.eth[28].bitrate,180Mbps,,
General-0-20230913-22:04:37-20585,config,,,*.switch12.eth[29].bitrate,120Mbps,,
General-0-20230913-22:04:37-20585,config,,,*.switch12.eth[30].bitrate,200Mbps,,
General-0-20230913-22:04:37-20585,config,,,*.host13.eth[0].bitrate,100Mbps,,
General-0-20230913-22:04:37-20585,config,,,*.switch13.eth[0].bitrate,100Mbps,,
General-0-20230913-22:04:37-20585,config,,,*.switch13.eth[1].bitrate,130Mbps,,
General-0-20230913-22:04:37-20585,config,,,*.switch13.eth[2].bitrate,210Mbps,,
General-0-20230913-22:04:37-20585,config,,,*.switch13.eth[3].bitrate,150Mbps,,
General-0-20230913-22:04:37-20585,config,,,*.switch13.eth[4].bitrate,150Mbps,,
General-0-20230913-22:04:37-20585,config,,,*.switch13.eth[5].bitrate,210Mbps,,
General-0-20230913-22:04:37-20585,config,,,*.switch13.eth[6].bitrate,140Mbps,,
General-0-20230913-22:04:37-20585,config,,,*.switch13.eth[7].bitrate,180Mbps,,
General-0-20230913-22:04:37-20585,config,,,*.switch13.eth[8].bitrate,180Mbps,,
General-0-20230913-22:04:37-20585,config,,,*.switch13.eth[9].bitrate,180Mbps,,
General-0-20230913-22:04:37-20585,config,,,*.switch13.eth[10].bitrate,240Mbps,,
General-0-20230913-22:04:37-20585,config,,,*.switch13.eth[11].bitrate,210Mbps,,
General-0-20230913-22:04:37-20585,config,,,*.switch13.eth[12].bitrate,160Mbps,,
General-0-20230913-22:04:37-20585,config,,,*.switch13.eth[13].bitrate,120Mbps,,
General-0-20230913-22:04:37-20585,config,,,*.switch13.eth[14].bitrate,210Mbps,,
General-0-20230913-22:04:37-20585,config,,,*.switch13.eth[15].bitrate,240Mbps,,
General-0-20230913-22:04:37-20585,config,,,*.switch13.eth[16].bitrate,180Mbps,,
General-0-20230913-22:04:37-20585,config,,,*.switch13.eth[17].bitrate,220Mbps,,
General-0-20230913-22:04:37-20585,config,,,*.switch13.eth[18].bitrate,120Mbps,,
General-0-20230913-22:04:37-20585,config,,,*.switch13.eth[19].bitrate,210Mbps,,
General-0-20230913-22:04:37-20585,config,,,*.switch13.eth[20].bitrate,200Mbps,,
General-0-20230913-22:04:37-20585,config,,,*.switch13.eth[21].bitrate,150Mbps,,
General-0-20230913-22:04:37-20585,config,,,*.switch13.eth[22].bitrate,120Mbps,,
General-0-20230913-22:04:37-20585,config,,,*.switch13.eth[23].bitrate,230Mbps,,
General-0-20230913-22:04:37-20585,config,,,*.switch13.eth[24].bitrate,130Mbps,,
General-0-20230913-22:04:37-20585,config,,,*.switch13.eth[25].bitrate,220Mbps,,
General-0-20230913-22:04:37-20585,config,,,*.switch13.eth[26].bitrate,130Mbps,,
General-0-20230913-22:04:37-20585,config,,,*.switch13.eth[27].bitrate,240Mbps,,
General-0-20230913-22:04:37-20585,config,,,*.switch13.eth[28].bitrate,170Mbps,,
General-0-20230913-22:04:37-20585,config,,,*.switch13.eth[29].bitrate,190Mbps,,
General-0-20230913-22:04:37-20585,config,,,*.switch13.eth[30].bitrate,120Mbps,,
General-0-20230913-22:04:37-20585,config,,,*.host14.eth[0].bitrate,100Mbps,,
General-0-20230913-22:04:37-20585,config,,,*.switch14.eth[0].bitrate,100Mbps,,
General-0-20230913-22:04:37-20585,config,,,*.switch14.eth[1].bitrate,170Mbps,,
General-0-20230913-22:04:37-20585,config,,,*.switch14.eth[2].bitrate,160Mbps,,
General-0-20230913-22:04:37-20585,config,,,*.switch14.eth[3].bitrate,240Mbps,,
General-0-20230913-22:04:37-20585,config,,,*.switch14.eth[4].bitrate,180Mbps,,
General-0-20230913-22:04:37-20585,config,,,*.switch14.eth[5].bitrate,210Mbps,,
General-0-20230913-22:04:37-20585,config,,,*.switch14.eth[6].bitrate,120Mbps,,
General-0-20230913-22:04:37-20585,config,,,*.switch14.eth[7].bitrate,180Mbps,,
General-0-20230913-22:04:37-20585,config,,,*.switch14.eth[8].bitrate,240Mbps,,
General-0-20230913-22:04:37-20585,config,,,*.switch14.eth[9].bitrate,140Mbps,,
General-0-20230913-22:04:37-20585,config,,,*.switch14.eth[10].bitrate,130Mbps,,
General-0-20230913-22:04:37-20585,config,,,*.switch14.eth[11].bitrate,120Mbps,,
General-0-20230913-22:04:37-20585,config,,,*.switch14.eth[12].bitrate,240Mbps,,
General-0-20230913-22:04:37-20585,config,,,*.switch14.eth[13].bitrate,240Mbps,,
General-0-20230913-22:04:37-20585,config,,,*.switch14.eth[14].bitrate,150Mbps,,
General-0-20230913-22:04:37-20585,config,,,*.switch14.eth[15].bitrate,150Mbps,,
General-0-20230913-22:04:37-20585,config,,,*.switch14.eth[16].bitrate,180Mbps,,
General-0-20230913-22:04:37-20585,config,,,*.switch14.eth[17].bitrate,150Mbps,,
General-0-20230913-22:04:37-20585,config,,,*.switch14.eth[18].bitrate,160Mbps,,
General-0-20230913-22:04:37-20585,config,,,*.switch14.eth[19].bitrate,130Mbps,,
General-0-20230913-22:04:37-20585,config,,,*.switch14.eth[20].bitrate,160Mbps,,
General-0-20230913-22:04:37-20585,config,,,*.switch14.eth[21].bitrate,140Mbps,,
General-0-20230913-22:04:37-20585,config,,,*.switch14.eth[22].bitrate,190Mbps,,
General-0-20230913-22:04:37-20585,config,,,*.host15.eth[0].bitrate,100Mbps,,
General-0-20230913-22:04:37-20585,config,,,*.switch15.eth[0].bitrate,100Mbps,,
General-0-20230913-22:04:37-20585,config,,,*.switch15.eth[1].bitrate,220Mbps,,
General-0-20230913-22:04:37-20585,config,,,*.switch15.eth[2].bitrate,140Mbps,,
General-0-20230913-22:04:37-20585,config,,,*.switch15.eth[3].bitrate,190Mbps,,
General-0-20230913-22:04:37-20585,config,,,*.switch15.eth[4].bitrate,220Mbps,,
General-0-20230913-22:04:37-20585,config,,,*.switch15.eth[5].bitrate,120Mbps,,
General-0-20230913-22:04:37-20585,config,,,*.switch15.eth[6].bitrate,160Mbps,,
General-0-20230913-22:04:37-20585,config,,,*.switch15.eth[7].bitrate,170Mbps,,
General-0-20230913-22:04:37-20585,config,,,*.switch15.eth[8].bitrate,170Mbps,,
General-0-20230913-22:04:37-20585,config,,,*.switch15.eth[9].bitrate,240Mbps,,
General-0-20230913-22:04:37-20585,config,,,*.switch15.eth[10].bitrate,120Mbps,,
General-0-20230913-22:04:37-20585,config,,,*.switch15.eth[11].bitrate,240Mbps,,
General-0-20230913-22:04:37-20585,config,,,*.switch15.eth[12].bitrate,210Mbps,,
General-0-20230913-22:04:37-20585,config,,,*.switch15.eth[13].bitrate,120Mbps,,
General-0-20230913-22:04:37-20585,config,,,*.switch15.eth[14].bitrate,230Mbps,,
General-0-20230913-22:04:37-20585,config,,,*.switch15.eth[15].bitrate,220Mbps,,
General-0-20230913-22:04:37-20585,config,,,*.switch15.eth[16].bitrate,170Mbps,,
General-0-20230913-22:04:37-20585,config,,,*.switch15.eth[17].bitrate,170Mbps,,
General-0-20230913-22:04:37-20585,config,,,*.switch15.eth[18].bitrate,220Mbps,,
General-0-20230913-22:04:37-20585,config,,,*.switch15.eth[19].bitrate,130Mbps,,
General-0-20230913-22:04:37-20585,config,,,*.switch15.eth[20].bitrate,220Mbps,,
General-0-20230913-22:04:37-20585,config,,,*.switch15.eth[21].bitrate,170Mbps,,
General-0-20230913-22:04:37-20585,config,,,*.switch15.eth[22].bitrate,150Mbps,,
General-0-20230913-22:04:37-20585,config,,,*.switch15.eth[23].bitrate,140Mbps,,
General-0-20230913-22:04:37-20585,config,,,*.switch15.eth[24].bitrate,130Mbps,,
General-0-20230913-22:04:37-20585,config,,,*.switch15.eth[25].bitrate,170Mbps,,
General-0-20230913-22:04:37-20585,config,,,*.switch15.eth[26].bitrate,240Mbps,,
General-0-20230913-22:04:37-20585,config,,,*.switch15.eth[27].bitrate,180Mbps,,
General-0-20230913-22:04:37-20585,config,,,*.switch15.eth[28].bitrate,240Mbps,,
General-0-20230913-22:04:37-20585,config,,,*.switch15.eth[29].bitrate,120Mbps,,
General-0-20230913-22:04:37-20585,config,,,*.switch15.eth[30].bitrate,160Mbps,,
General-0-20230913-22:04:37-20585,config,,,*.switch15.eth[31].bitrate,160Mbps,,
General-0-20230913-22:04:37-20585,config,,,*.host16.eth[0].bitrate,100Mbps,,
General-0-20230913-22:04:37-20585,config,,,*.switch16.eth[0].bitrate,100Mbps,,
General-0-20230913-22:04:37-20585,config,,,*.switch16.eth[1].bitrate,240Mbps,,
General-0-20230913-22:04:37-20585,config,,,*.switch16.eth[2].bitrate,210Mbps,,
General-0-20230913-22:04:37-20585,config,,,*.switch16.eth[3].bitrate,220Mbps,,
General-0-20230913-22:04:37-20585,config,,,*.switch16.eth[4].bitrate,180Mbps,,
General-0-20230913-22:04:37-20585,config,,,*.switch16.eth[5].bitrate,240Mbps,,
General-0-20230913-22:04:37-20585,config,,,*.switch16.eth[6].bitrate,220Mbps,,
General-0-20230913-22:04:37-20585,config,,,*.switch16.eth[7].bitrate,240Mbps,,
General-0-20230913-22:04:37-20585,config,,,*.switch16.eth[8].bitrate,220Mbps,,
General-0-20230913-22:04:37-20585,config,,,*.switch16.eth[9].bitrate,190Mbps,,
General-0-20230913-22:04:37-20585,config,,,*.switch16.eth[10].bitrate,210Mbps,,
General-0-20230913-22:04:37-20585,config,,,*.switch16.eth[11].bitrate,220Mbps,,
General-0-20230913-22:04:37-20585,config,,,*.switch16.eth[12].bitrate,120Mbps,,
General-0-20230913-22:04:37-20585,config,,,*.switch16.eth[13].bitrate,200Mbps,,
General-0-20230913-22:04:37-20585,config,,,*.switch16.eth[14].bitrate,190Mbps,,
General-0-20230913-22:04:37-20585,config,,,*.switch16.eth[15].bitrate,170Mbps,,
General-0-20230913-22:04:37-20585,config,,,*.switch16.eth[16].bitrate,160Mbps,,
General-0-20230913-22:04:37-20585,config,,,*.switch16.eth[17].bitrate,160Mbps,,
General-0-20230913-22:04:37-20585,config,,,*.switch16.eth[18].bitrate,140Mbps,,
General-0-20230913-22:04:37-20585,config,,,*.switch16.eth[19].bitrate,130Mbps,,
General-0-20230913-22:04:37-20585,config,,,*.switch16.eth[20].bitrate,160Mbps,,
General-0-20230913-22:04:37-20585,config,,,*.switch16.eth[21].bitrate,240Mbps,,
General-0-20230913-22:04:37-20585,config,,,*.switch16.eth[22].bitrate,230Mbps,,
General-0-20230913-22:04:37-20585,config,,,*.switch16.eth[23].bitrate,120Mbps,,
General-0-20230913-22:04:37-20585,config,,,*.switch16.eth[24].bitrate,220Mbps,,
General-0-20230913-22:04:37-20585,config,,,*.switch16.eth[25].bitrate,210Mbps,,
General-0-20230913-22:04:37-20585,config,,,*.switch16.eth[26].bitrate,170Mbps,,
General-0-20230913-22:04:37-20585,config,,,*.switch16.eth[27].bitrate,230Mbps,,
General-0-20230913-22:04:37-20585,config,,,*.switch16.eth[28].bitrate,180Mbps,,
General-0-20230913-22:04:37-20585,config,,,*.switch16.eth[29].bitrate,230Mbps,,
General-0-20230913-22:04:37-20585,config,,,*.switch16.eth[30].bitrate,160Mbps,,
General-0-20230913-22:04:37-20585,config,,,*.switch16.eth[31].bitrate,170Mbps,,
General-0-20230913-22:04:37-20585,config,,,*.host17.eth[0].bitrate,100Mbps,,
General-0-20230913-22:04:37-20585,config,,,*.switch17.eth[0].bitrate,100Mbps,,
General-0-20230913-22:04:37-20585,config,,,*.switch17.eth[1].bitrate,170Mbps,,
General-0-20230913-22:04:37-20585,config,,,*.switch17.eth[2].bitrate,160Mbps,,
General-0-20230913-22:04:37-20585,config,,,*.switch17.eth[3].bitrate,220Mbps,,
General-0-20230913-22:04:37-20585,config,,,*.switch17.eth[4].bitrate,130Mbps,,
General-0-20230913-22:04:37-20585,config,,,*.switch17.eth[5].bitrate,200Mbps,,
General-0-20230913-22:04:37-20585,config,,,*.switch17.eth[6].bitrate,210Mbps,,
General-0-20230913-22:04:37-20585,config,,,*.switch17.eth[7].bitrate,170Mbps,,
General-0-20230913-22:04:37-20585,config,,,*.switch17.eth[8].bitrate,230Mbps,,
General-0-20230913-22:04:37-20585,config,,,*.switch17.eth[9].bitrate,220Mbps,,
General-0-20230913-22:04:37-20585,config,,,*.switch17.eth[10].bitrate,120Mbps,,
General-0-20230913-22:04:37-20585,config,,,*.switch17.eth[11].bitrate,190Mbps,,
General-0-20230913-22:04:37-20585,config,,,*.switch17.eth[12].bitrate,180Mbps,,
General-0-20230913-22:04:37-20585,config,,,*.switch17.eth[13].bitrate,160Mbps,,
General-0-20230913-22:04:37-20585,config,,,*.switch17.eth[14].bitrate,230Mbps,,
General-0-20230913-22:04:37-20585,config,,,*.switch17.eth[15].bitrate,130Mbps,,
General-0-20230913-22:04:37-20585,config,,,*.switch17.eth[16].bitrate,150Mbps,,
General-0-20230913-22:04:37-20585,config,,,*.switch17.eth[17].bitrate,150Mbps,,
General-0-20230913-22:04:37-20585,config,,,*.switch17.eth[18].bitrate,170Mbps,,
General-0-20230913-22:04:37-20585,config,,,*.switch17.eth[19].bitrate,160Mbps,,
General-0-20230913-22:04:37-20585,config,,,*.switch17.eth[20].bitrate,240Mbps,,
General-0-20230913-22:04:37-20585,config,,,*.switch17.eth[21].bitrate,140Mbps,,
General-0-20230913-22:04:37-20585,config,,,*.switch17.eth[22].bitrate,120Mbps,,
General-0-20230913-22:04:37-20585,config,,,*.switch17.eth[23].bitrate,230Mbps,,
General-0-20230913-22:04:37-20585,config,,,*.switch17.eth[24].bitrate,210Mbps,,
General-0-20230913-22:04:37-20585,config,,,*.switch17.eth[25].bitrate,230Mbps,,
General-0-20230913-22:04:37-20585,config,,,*.switch17.eth[26].bitrate,130Mbps,,
General-0-20230913-22:04:37-20585,config,,,*.switch17.eth[27].bitrate,210Mbps,,
General-0-20230913-22:04:37-20585,config,,,*.switch17.eth[28].bitrate,230Mbps,,
General-0-20230913-22:04:37-20585,config,,,*.switch17.eth[29].bitrate,210Mbps,,
General-0-20230913-22:04:37-20585,config,,,*.switch17.eth[30].bitrate,210Mbps,,
General-0-20230913-22:04:37-20585,config,,,*.host18.eth[0].bitrate,100Mbps,,
General-0-20230913-22:04:37-20585,config,,,*.switch18.eth[0].bitrate,100Mbps,,
General-0-20230913-22:04:37-20585,config,,,*.switch18.eth[1].bitrate,170Mbps,,
General-0-20230913-22:04:37-20585,config,,,*.switch18.eth[2].bitrate,120Mbps,,
General-0-20230913-22:04:37-20585,config,,,*.switch18.eth[3].bitrate,220Mbps,,
General-0-20230913-22:04:37-20585,config,,,*.switch18.eth[4].bitrate,170Mbps,,
General-0-20230913-22:04:37-20585,config,,,*.switch18.eth[5].bitrate,200Mbps,,
General-0-20230913-22:04:37-20585,config,,,*.switch18.eth[6].bitrate,240Mbps,,
General-0-20230913-22:04:37-20585,config,,,*.switch18.eth[7].bitrate,150Mbps,,
General-0-20230913-22:04:37-20585,config,,,*.switch18.eth[8].bitrate,120Mbps,,
General-0-20230913-22:04:37-20585,config,,,*.switch18.eth[9].bitrate,210Mbps,,
General-0-20230913-22:04:37-20585,config,,,*.switch18.eth[10].bitrate,230Mbps,,
General-0-20230913-22:04:37-20585,config,,,*.switch18.eth[11].bitrate,150Mbps,,
General-0-20230913-22:04:37-20585,config,,,*.switch18.eth[12].bitrate,230Mbps,,
General-0-20230913-22:04:37-20585,config,,,*.switch18.eth[13].bitrate,190Mbps,,
General-0-20230913-22:04:37-20585,config,,,*.switch18.eth[14].bitrate,210Mbps,,
General-0-20230913-22:04:37-20585,config,,,*.switch18.eth[15].bitrate,180Mbps,,
General-0-20230913-22:04:37-20585,config,,,*.switch18.eth[16].bitrate,170Mbps,,
General-0-20230913-22:04:37-20585,config,,,*.switch18.eth[17].bitrate,160Mbps,,
General-0-20230913-22:04:37-20585,config,,,*.switch18.eth[18].bitrate,210Mbps,,
General-0-20230913-22:04:37-20585,config,,,*.switch18.eth[19].bitrate,220Mbps,,
General-0-20230913-22:04:37-20585,config,,,*.switch18.eth[20].bitrate,190Mbps,,
General-0-20230913-22:04:37-20585,config,,,*.switch18.eth[21].bitrate,130Mbps,,
General-0-20230913-22:04:37-20585,config,,,*.switch18.eth[22].bitrate,220Mbps,,
General-0-20230913-22:04:37-20585,config,,,*.switch18.eth[23].bitrate,180Mbps,,
General-0-20230913-22:04:37-20585,config,,,*.switch18.eth[24].bitrate,180Mbps,,
General-0-20230913-22:04:37-20585,config,,,*.host19.eth[0].bitrate,100Mbps,,
General-0-20230913-22:04:37-20585,config,,,*.switch19.eth[0].bitrate,100Mbps,,
General-0-20230913-22:04:37-20585,config,,,*.switch19.eth[1].bitrate,230Mbps,,
General-0-20230913-22:04:37-20585,config,,,*.switch19.eth[2].bitrate,120Mbps,,
General-0-20230913-22:04:37-20585,config,,,*.switch19.eth[3].bitrate,200Mbps,,
General-0-20230913-22:04:37-20585,config,,,*.switch19.eth[4].bitrate,180Mbps,,
General-0-20230913-22:04:37-20585,config,,,*.switch19.eth[5].bitrate,180Mbps,,
General-0-20230913-22:04:37-20585,config,,,*.switch19.eth[6].bitrate,150Mbps,,
General-0-20230913-22:04:37-20585,config,,,*.switch19.eth[7].bitrate,170Mbps,,
General-0-20230913-22:04:37-20585,config,,,*.switch19.eth[8].bitrate,150Mbps,,
General-0-20230913-22:04:37-20585,config,,,*.switch19.eth[9].bitrate,150Mbps,,
General-0-20230913-22:04:37-20585,config,,,*.switch19.eth[10].bitrate,140Mbps,,
General-0-20230913-22:04:37-20585,config,,,*.switch19.eth[11].bitrate,220Mbps,,
General-0-20230913-22:04:37-20585,config,,,*.switch19.eth[12].bitrate,230Mbps,,
General-0-20230913-22:04:37-20585,config,,,*.switch19.eth[13].bitrate,220Mbps,,
General-0-20230913-22:04:37-20585,config,,,*.switch19.eth[14].bitrate,230Mbps,,
General-0-20230913-22:04:37-20585,config,,,*.switch19.eth[15].bitrate,220Mbps,,
General-0-20230913-22:04:37-20585,config,,,*.switch19.eth[16].bitrate,230Mbps,,
General-0-20230913-22:04:37-20585,config,,,*.switch19.eth[17].bitrate,200Mbps,,
General-0-20230913-22:04:37-20585,config,,,*.host20.eth[0].bitrate,100Mbps,,
General-0-20230913-22:04:37-20585,config,,,*.switch20.eth[0].bitrate,100Mbps,,
General-0-20230913-22:04:37-20585,config,,,*.switch20.eth[1].bitrate,120Mbps,,
General-0-20230913-22:04:37-20585,config,,,*.switch20.eth[2].bitrate,190Mbps,,
General-0-20230913-22:04:37-20585,config,,,*.switch20.eth[3].bitrate,190Mbps,,
General-0-20230913-22:04:37-20585,config,,,*.switch20.eth[4].bitrate,210Mbps,,
General-0-20230913-22:04:37-20585,config,,,*.switch20.eth[5].bitrate,210Mbps,,
General-0-20230913-22:04:37-20585,config,,,*.switch20.eth[6].bitrate,220Mbps,,
General-0-20230913-22:04:37-20585,config,,,*.switch20.eth[7].bitrate,120Mbps,,
General-0-20230913-22:04:37-20585,config,,,*.switch20.eth[8].bitrate,120Mbps,,
General-0-20230913-22:04:37-20585,config,,,*.switch20.eth[9].bitrate,150Mbps,,
General-0-20230913-22:04:37-20585,config,,,*.switch20.eth[10].bitrate,130Mbps,,
General-0-20230913-22:04:37-20585,config,,,*.switch20.eth[11].bitrate,210Mbps,,
General-0-20230913-22:04:37-20585,config,,,*.switch20.eth[12].bitrate,190Mbps,,
General-0-20230913-22:04:37-20585,config,,,*.switch20.eth[13].bitrate,230Mbps,,
General-0-20230913-22:04:37-20585,config,,,*.switch20.eth[14].bitrate,130Mbps,,
General-0-20230913-22:04:37-20585,config,,,*.switch20.eth[15].bitrate,190Mbps,,
General-0-20230913-22:04:37-20585,config,,,*.switch20.eth[16].bitrate,240Mbps,,
General-0-20230913-22:04:37-20585,config,,,*.switch20.eth[17].bitrate,240Mbps,,
General-0-20230913-22:04:37-20585,config,,,*.switch20.eth[18].bitrate,160Mbps,,
General-0-20230913-22:04:37-20585,config,,,*.host21.eth[0].bitrate,100Mbps,,
General-0-20230913-22:04:37-20585,config,,,*.switch21.eth[0].bitrate,100Mbps,,
General-0-20230913-22:04:37-20585,config,,,*.switch21.eth[1].bitrate,120Mbps,,
General-0-20230913-22:04:37-20585,config,,,*.switch21.eth[2].bitrate,120Mbps,,
General-0-20230913-22:04:37-20585,config,,,*.switch21.eth[3].bitrate,140Mbps,,
General-0-20230913-22:04:37-20585,config,,,*.switch21.eth[4].bitrate,140Mbps,,
General-0-20230913-22:04:37-20585,config,,,*.switch21.eth[5].bitrate,130Mbps,,
General-0-20230913-22:04:37-20585,config,,,*.switch21.eth[6].bitrate,140Mbps,,
General-0-20230913-22:04:37-20585,config,,,*.switch21.eth[7].bitrate,180Mbps,,
General-0-20230913-22:04:37-20585,config,,,*.switch21.eth[8].bitrate,160Mbps,,
General-0-20230913-22:04:37-20585,config,,,*.switch21.eth[9].bitrate,180Mbps,,
General-0-20230913-22:04:37-20585,config,,,*.switch21.eth[10].bitrate,170Mbps,,
General-0-20230913-22:04:37-20585,config,,,*.switch21.eth[11].bitrate,170Mbps,,
General-0-20230913-22:04:37-20585,config,,,*.switch21.eth[12].bitrate,130Mbps,,
General-0-20230913-22:04:37-20585,config,,,*.switch21.eth[13].bitrate,240Mbps,,
General-0-20230913-22:04:37-20585,config,,,*.switch21.eth[14].bitrate,240Mbps,,
General-0-20230913-22:04:37-20585,config,,,*.switch21.eth[15].bitrate,170Mbps,,
General-0-20230913-22:04:37-20585,config,,,*.host22.eth[0].bitrate,100Mbps,,
General-0-20230913-22:04:37-20585,config,,,*.switch22.eth[0].bitrate,100Mbps,,
General-0-20230913-22:04:37-20585,config,,,*.switch22.eth[1].bitrate,230Mbps,,
General-0-20230913-22:04:37-20585,config,,,*.switch22.eth[2].bitrate,160Mbps,,
General-0-20230913-22:04:37-20585,config,,,*.switch22.eth[3].bitrate,210Mbps,,
General-0-20230913-22:04:37-20585,config,,,*.switch22.eth[4].bitrate,170Mbps,,
General-0-20230913-22:04:37-20585,config,,,*.switch22.eth[5].bitrate,210Mbps,,
General-0-20230913-22:04:37-20585,config,,,*.switch22.eth[6].bitrate,240Mbps,,
General-0-20230913-22:04:37-20585,config,,,*.switch22.eth[7].bitrate,210Mbps,,
General-0-20230913-22:04:37-20585,config,,,*.switch22.eth[8].bitrate,130Mbps,,
General-0-20230913-22:04:37-20585,config,,,*.switch22.eth[9].bitrate,170Mbps,,
General-0-20230913-22:04:37-20585,config,,,*.switch22.eth[10].bitrate,180Mbps,,
General-0-20230913-22:04:37-20585,config,,,*.switch22.eth[11].bitrate,210Mbps,,
General-0-20230913-22:04:37-20585,config,,,*.switch22.eth[12].bitrate,210Mbps,,
General-0-20230913-22:04:37-20585,config,,,*.switch22.eth[13].bitrate,120Mbps,,
General-0-20230913-22:04:37-20585,config,,,*.switch22.eth[14].bitrate,130Mbps,,
General-0-20230913-22:04:37-20585,config,,,*.switch22.eth[15].bitrate,230Mbps,,
General-0-20230913-22:04:37-20585,config,,,*.host23.eth[0].bitrate,100Mbps,,
General-0-20230913-22:04:37-20585,config,,,*.switch23.eth[0].bitrate,100Mbps,,
General-0-20230913-22:04:37-20585,config,,,*.switch23.eth[1].bitrate,170Mbps,,
General-0-20230913-22:04:37-20585,config,,,*.switch23.eth[2].bitrate,200Mbps,,
General-0-20230913-22:04:37-20585,config,,,*.switch23.eth[3].bitrate,170Mbps,,
General-0-20230913-22:04:37-20585,config,,,*.switch23.eth[4].bitrate,220Mbps,,
General-0-20230913-22:04:37-20585,config,,,*.switch23.eth[5].bitrate,150Mbps,,
General-0-20230913-22:04:37-20585,config,,,*.switch23.eth[6].bitrate,240Mbps,,
General-0-20230913-22:04:37-20585,config,,,*.switch23.eth[7].bitrate,230Mbps,,
General-0-20230913-22:04:37-20585,config,,,*.switch23.eth[8].bitrate,230Mbps,,
General-0-20230913-22:04:37-20585,config,,,*.switch23.eth[9].bitrate,150Mbps,,
General-0-20230913-22:04:37-20585,config,,,*.switch23.eth[10].bitrate,140Mbps,,
General-0-20230913-22:04:37-20585,config,,,*.switch23.eth[11].bitrate,200Mbps,,
General-0-20230913-22:04:37-20585,config,,,*.switch23.eth[12].bitrate,190Mbps,,
General-0-20230913-22:04:37-20585,config,,,*.switch23.eth[13].bitrate,160Mbps,,
General-0-20230913-22:04:37-20585,config,,,*.switch23.eth[14].bitrate,180Mbps,,
General-0-20230913-22:04:37-20585,config,,,*.switch23.eth[15].bitrate,180Mbps,,
General-0-20230913-22:04:37-20585,config,,,*.host24.eth[0].bitrate,100Mbps,,
General-0-20230913-22:04:37-20585,config,,,*.switch24.eth[0].bitrate,100Mbps,,
General-0-20230913-22:04:37-20585,config,,,*.switch24.eth[1].bitrate,240Mbps,,
General-0-20230913-22:04:37-20585,config,,,*.switch24.eth[2].bitrate,240Mbps,,
General-0-20230913-22:04:37-20585,config,,,*.switch24.eth[3].bitrate,120Mbps,,
General-0-20230913-22:04:37-20585,config,,,*.switch24.eth[4].bitrate,190Mbps,,
General-0-20230913-22:04:37-20585,config,,,*.switch24.eth[5].bitrate,120Mbps,,
General-0-20230913-22:04:37-20585,config,,,*.switch24.eth[6].bitrate,230Mbps,,
General-0-20230913-22:04:37-20585,config,,,*.switch24.eth[7].bitrate,160Mbps,,
General-0-20230913-22:04:37-20585,config,,,*.switch24.eth[8].bitrate,180Mbps,,
General-0-20230913-22:04:37-20585,config,,,*.switch24.eth[9].bitrate,180Mbps,,
General-0-20230913-22:04:37-20585,config,,,*.switch24.eth[10].bitrate,210Mbps,,
General-0-20230913-22:04:37-20585,config,,,*.switch24.eth[11].bitrate,130Mbps,,
General-0-20230913-22:04:37-20585,config,,,*.switch24.eth[12].bitrate,230Mbps,,
General-0-20230913-22:04:37-20585,config,,,*.switch24.eth[13].bitrate,210Mbps,,
General-0-20230913-22:04:37-20585,config,,,*.switch24.eth[14].bitrate,240Mbps,,
General-0-20230913-22:04:37-20585,config,,,*.switch24.eth[15].bitrate,210Mbps,,
General-0-20230913-22:04:37-20585,config,,,*.switch24.eth[16].bitrate,150Mbps,,
General-0-20230913-22:04:37-20585,config,,,*.switch24.eth[17].bitrate,140Mbps,,
General-0-20230913-22:04:37-20585,config,,,*.switch24.eth[18].bitrate,220Mbps,,
General-0-20230913-22:04:37-20585,config,,,*.switch24.eth[19].bitrate,220Mbps,,
General-0-20230913-22:04:37-20585,config,,,*.switch24.eth[20].bitrate,200Mbps,,
General-0-20230913-22:04:37-20585,config,,,*.switch24.eth[21].bitrate,120Mbps,,
General-0-20230913-22:04:37-20585,config,,,*.switch24.eth[22].bitrate,190Mbps,,
General-0-20230913-22:04:37-20585,config,,,*.switch24.eth[23].bitrate,160Mbps,,
General-0-20230913-22:04:37-20585,config,,,*.switch24.eth[24].bitrate,170Mbps,,
General-0-20230913-22:04:37-20585,config,,,*.switch24.eth[25].bitrate,180Mbps,,
General-0-20230913-22:04:37-20585,config,,,*.switch24.eth[26].bitrate,200Mbps,,
General-0-20230913-22:04:37-20585,config,,,*.switch24.eth[27].bitrate,160Mbps,,
General-0-20230913-22:04:37-20585,config,,,*.switch24.eth[28].bitrate,170Mbps,,
General-0-20230913-22:04:37-20585,config,,,*.switch24.eth[29].bitrate,230Mbps,,
General-0-20230913-22:04:37-20585,config,,,*.switch24.eth[30].bitrate,180Mbps,,
General-0-20230913-22:04:37-20585,config,,,*.host3.numApps,1,,
General-0-20230913-22:04:37-20585,config,,,*.host3.app[0].typename,UdpSourceApp,,
General-0-20230913-22:04:37-20585,config,,,*.host3.app[0].io.destAddress,"""host23""",,
General-0-20230913-22:04:37-20585,config,,,*.host3.app[0].source.packetNameFormat,"""%M-%m-%c""",,
General-0-20230913-22:04:37-20585,config,,,*.host3.app[0].source.displayStringTextFormat,"""sent %p pk (%l)""",,
General-0-20230913-22:04:37-20585,config,,,*.host3.app[0].source.packetLength,24B,,
General-0-20230913-22:04:37-20585,config,,,*.host3.app[0].source.productionInterval,100us,,
General-0-20230913-22:04:37-20585,config,,,*.host3.app[0].display-name,type2_11,,
General-0-20230913-22:04:37-20585,config,,,*.host3.app[0].io.destPort,1000,,
General-0-20230913-22:04:37-20585,config,,,*.host23.numApps,1,,
General-0-20230913-22:04:37-20585,config,,,*.host23.app[0].typename,UdpSinkApp,,
General-0-20230913-22:04:37-20585,config,,,*.host23.app[0].io.localPort,1000,,
General-0-20230913-22:04:37-20585,config,,,*.streamRedundancyConfigurator.configuration,"[
    {
        name: ""shortest_path"", 
        packetFilter: ""*-type2_11-*"", 
        source: ""host3"", 
        destination: ""host23"",
        trees: [[[""host3"", ""switch3"", ""switch23"", ""host23""]]]
    }]",,
General-0-20230913-22:04:37-20585,vector,TSN_multipath.host23.app[0].sink,meanBitLifeTimePerPacket:vector,,,"0.000018371176 0.000118371176 0.000218371176 0.000318371176 0.000418371176 0.000518371176 0.000618371176 0.000718371176 0.000818371176 0.000918371176 0.001018371176 0.001118371176 0.001218371176 0.001318371176 0.001418371176 0.001518371176 0.001618371176 0.001718371176 0.001818371176 0.001918371176 0.002018371176 0.002118371176 0.002218371176 0.002318371176 0.002418371176 0.002518371176 0.002618371176 0.002718371176 0.002818371176 0.002918371176 0.003018371176 0.003118371176 0.003218371176 0.003318371176 0.003418371176 0.003518371176 0.003618371176 0.003718371176 0.003818371176 0.003918371176 0.004018371176 0.004118371176 0.004218371176 0.004318371176 0.004418371176 0.004518371176 0.004618371176 0.004718371176 0.004818371176 0.004918371176 0.005018371176 0.005118371176 0.005218371176 0.005318371176 0.005418371176 0.005518371176 0.005618371176 0.005718371176 0.005818371176 0.005918371176 0.006018371176 0.006118371176 0.006218371176 0.006318371176 0.006418371176 0.006518371176 0.006618371176 0.006718371176 0.006818371176 0.006918371176 0.007018371176 0.007118371176 0.007218371176 0.007318371176 0.007418371176 0.007518371176 0.007618371176 0.007718371176 0.007818371176 0.007918371176 0.008018371176 0.008118371176 0.008218371176 0.008318371176 0.008418371176 0.008518371176 0.008618371176 0.008718371176 0.008818371176 0.008918371176 0.009018371176 0.009118371176 0.009218371176 0.009318371176 0.009418371176 0.009518371176 0.009618371176 0.009718371176 0.009818371176","1.8371176e-05 1.8371176e-05 1.8371176e-05 1.8371176e-05 1.8371176e-05 1.8371176e-05 1.8371176e-05 1.8371176e-05 1.8371176e-05 1.8371176e-05 1.8371176e-05 1.8371176e-05 1.8371176e-05 1.8371176e-05 1.8371176e-05 1.8371176e-05 1.8371176e-05 1.8371176e-05 1.8371176e-05 1.8371176e-05 1.8371176e-05 1.8371176e-05 1.8371176e-05 1.8371176e-05 1.8371176e-05 1.8371176e-05 1.8371176e-05 1.8371176e-05 1.8371176e-05 1.8371176e-05 1.8371176e-05 1.8371176e-05 1.8371176e-05 1.8371176e-05 1.8371176e-05 1.8371176e-05 1.8371176e-05 1.8371176e-05 1.8371176e-05 1.8371176e-05 1.8371176e-05 1.8371176e-05 1.8371176e-05 1.8371176e-05 1.8371176e-05 1.8371176e-05 1.8371176e-05 1.8371176e-05 1.8371176e-05 1.8371176e-05 1.8371176e-05 1.8371176e-05 1.8371176e-05 1.8371176e-05 1.8371176e-05 1.8371176e-05 1.8371176e-05 1.8371176e-05 1.8371176e-05 1.8371176e-05 1.8371176e-05 1.8371176e-05 1.8371176e-05 1.8371176e-05 1.8371176e-05 1.8371176e-05 1.8371176e-05 1.8371176e-05 1.8371176e-05 1.8371176e-05 1.8371176e-05 1.8371176e-05 1.8371176e-05 1.8371176e-05 1.8371176e-05 1.8371176e-05 1.8371176e-05 1.8371176e-05 1.8371176e-05 1.8371176e-05 1.8371176e-05 1.8371176e-05 1.8371176e-05 1.8371176e-05 1.8371176e-05 1.8371176e-05 1.8371176e-05 1.8371176e-05 1.8371176e-05 1.8371176e-05 1.8371176e-05 1.8371176e-05 1.8371176e-05 1.8371176e-05 1.8371176e-05 1.8371176e-05 1.8371176e-05 1.8371176e-05 1.8371176e-05"
General-0-20230913-22:04:37-20585,attr,TSN_multipath.host23.app[0].sink,meanBitLifeTimePerPacket:vector,interpolationmode,none,,
General-0-20230913-22:04:37-20585,attr,TSN_multipath.host23.app[0].sink,meanBitLifeTimePerPacket:vector,recordingmode,vector,,
General-0-20230913-22:04:37-20585,attr,TSN_multipath.host23.app[0].sink,meanBitLifeTimePerPacket:vector,source,weightedMeanPerGroup(groupRegionsPerPacket(lifeTimePerRegion(packetPushed))),,
General-0-20230913-22:04:37-20585,attr,TSN_multipath.host23.app[0].sink,meanBitLifeTimePerPacket:vector,title,mean bit life time per packet,,
General-0-20230913-22:04:37-20585,attr,TSN_multipath.host23.app[0].sink,meanBitLifeTimePerPacket:vector,unit,s,,
