run,type,module,name,attrname,attrvalue,vectime,vecvalue
General-0-20240103-08:44:43-452618,runattr,,,configname,General,,
General-0-20240103-08:44:43-452618,runattr,,,datetime,20240103-08:44:43,,
General-0-20240103-08:44:43-452618,runattr,,,datetimef,20240103-084443,,
General-0-20240103-08:44:43-452618,runattr,,,experiment,General,,
General-0-20240103-08:44:43-452618,runattr,,,inifile,/home/ubuntu/omnetpp-6.0.1/samples/inet4.5/tutorials/extensibility_routing/omnetpp.ini,,
General-0-20240103-08:44:43-452618,runattr,,,iterationvars,,,
General-0-20240103-08:44:43-452618,runattr,,,iterationvarsd,,,
General-0-20240103-08:44:43-452618,runattr,,,iterationvarsf,,,
General-0-20240103-08:44:43-452618,runattr,,,measurement,,,
General-0-20240103-08:44:43-452618,runattr,,,network,TSN_multipath,,
General-0-20240103-08:44:43-452618,runattr,,,processid,452618,,
General-0-20240103-08:44:43-452618,runattr,,,repetition,0,,
General-0-20240103-08:44:43-452618,runattr,,,replication,#0,,
General-0-20240103-08:44:43-452618,runattr,,,resultdir,results,,
General-0-20240103-08:44:43-452618,runattr,,,runnumber,0,,
General-0-20240103-08:44:43-452618,runattr,,,seedset,0,,
General-0-20240103-08:44:43-452618,config,,,image-path,/home/ubuntu/omnetpp-6.0.1/samples/inet4.5/images,,
General-0-20240103-08:44:43-452618,config,,,network,TSN_multipath,,
General-0-20240103-08:44:43-452618,config,,,sim-time-limit,100ms,,
General-0-20240103-08:44:43-452618,config,,,*.macForwardingTableConfigurator.typename,,,
General-0-20240103-08:44:43-452618,config,,,*.*.hasStreamRedundancy,true,,
General-0-20240103-08:44:43-452618,config,,,*.*.bridging.streamRelay.typename,StreamRelayLayer,,
General-0-20240103-08:44:43-452618,config,,,*.*.bridging.streamCoder.typename,StreamCoderLayer,,
General-0-20240103-08:44:43-452618,config,,,*.streamRedundancyConfigurator.typename,StreamRedundancyConfigurator,,
General-0-20240103-08:44:43-452618,config,,,*.host0.eth[0].bitrate,1000Mbps,,
General-0-20240103-08:44:43-452618,config,,,*.switch0.eth[0].bitrate,1000Mbps,,
General-0-20240103-08:44:43-452618,config,,,*.switch0.eth[1].bitrate,1400Mbps,,
General-0-20240103-08:44:43-452618,config,,,*.switch0.eth[2].bitrate,2300Mbps,,
General-0-20240103-08:44:43-452618,config,,,*.switch0.eth[3].bitrate,1200Mbps,,
General-0-20240103-08:44:43-452618,config,,,*.switch0.eth[4].bitrate,1400Mbps,,
General-0-20240103-08:44:43-452618,config,,,*.switch0.eth[5].bitrate,1400Mbps,,
General-0-20240103-08:44:43-452618,config,,,*.switch0.eth[6].bitrate,1300Mbps,,
General-0-20240103-08:44:43-452618,config,,,*.switch0.eth[7].bitrate,2300Mbps,,
General-0-20240103-08:44:43-452618,config,,,*.switch0.eth[8].bitrate,2300Mbps,,
General-0-20240103-08:44:43-452618,config,,,*.switch0.eth[9].bitrate,2300Mbps,,
General-0-20240103-08:44:43-452618,config,,,*.host1.eth[0].bitrate,1000Mbps,,
General-0-20240103-08:44:43-452618,config,,,*.switch1.eth[0].bitrate,1000Mbps,,
General-0-20240103-08:44:43-452618,config,,,*.switch1.eth[1].bitrate,1400Mbps,,
General-0-20240103-08:44:43-452618,config,,,*.switch1.eth[2].bitrate,1400Mbps,,
General-0-20240103-08:44:43-452618,config,,,*.switch1.eth[3].bitrate,1400Mbps,,
General-0-20240103-08:44:43-452618,config,,,*.switch1.eth[4].bitrate,2300Mbps,,
General-0-20240103-08:44:43-452618,config,,,*.switch1.eth[5].bitrate,2200Mbps,,
General-0-20240103-08:44:43-452618,config,,,*.switch1.eth[6].bitrate,2300Mbps,,
General-0-20240103-08:44:43-452618,config,,,*.switch1.eth[7].bitrate,1400Mbps,,
General-0-20240103-08:44:43-452618,config,,,*.switch1.eth[8].bitrate,2300Mbps,,
General-0-20240103-08:44:43-452618,config,,,*.switch1.eth[9].bitrate,1600Mbps,,
General-0-20240103-08:44:43-452618,config,,,*.switch1.eth[10].bitrate,2000Mbps,,
General-0-20240103-08:44:43-452618,config,,,*.switch1.eth[11].bitrate,2400Mbps,,
General-0-20240103-08:44:43-452618,config,,,*.host2.eth[0].bitrate,1000Mbps,,
General-0-20240103-08:44:43-452618,config,,,*.switch2.eth[0].bitrate,1000Mbps,,
General-0-20240103-08:44:43-452618,config,,,*.switch2.eth[1].bitrate,1400Mbps,,
General-0-20240103-08:44:43-452618,config,,,*.switch2.eth[2].bitrate,1300Mbps,,
General-0-20240103-08:44:43-452618,config,,,*.switch2.eth[3].bitrate,1300Mbps,,
General-0-20240103-08:44:43-452618,config,,,*.switch2.eth[4].bitrate,1200Mbps,,
General-0-20240103-08:44:43-452618,config,,,*.switch2.eth[5].bitrate,2100Mbps,,
General-0-20240103-08:44:43-452618,config,,,*.switch2.eth[6].bitrate,2100Mbps,,
General-0-20240103-08:44:43-452618,config,,,*.switch2.eth[7].bitrate,1200Mbps,,
General-0-20240103-08:44:43-452618,config,,,*.host3.eth[0].bitrate,1000Mbps,,
General-0-20240103-08:44:43-452618,config,,,*.switch3.eth[0].bitrate,1000Mbps,,
General-0-20240103-08:44:43-452618,config,,,*.switch3.eth[1].bitrate,2300Mbps,,
General-0-20240103-08:44:43-452618,config,,,*.switch3.eth[2].bitrate,1600Mbps,,
General-0-20240103-08:44:43-452618,config,,,*.switch3.eth[3].bitrate,1200Mbps,,
General-0-20240103-08:44:43-452618,config,,,*.switch3.eth[4].bitrate,1600Mbps,,
General-0-20240103-08:44:43-452618,config,,,*.switch3.eth[5].bitrate,2200Mbps,,
General-0-20240103-08:44:43-452618,config,,,*.switch3.eth[6].bitrate,1700Mbps,,
General-0-20240103-08:44:43-452618,config,,,*.switch3.eth[7].bitrate,1400Mbps,,
General-0-20240103-08:44:43-452618,config,,,*.switch3.eth[8].bitrate,1600Mbps,,
General-0-20240103-08:44:43-452618,config,,,*.switch3.eth[9].bitrate,1800Mbps,,
General-0-20240103-08:44:43-452618,config,,,*.host4.eth[0].bitrate,1000Mbps,,
General-0-20240103-08:44:43-452618,config,,,*.switch4.eth[0].bitrate,1000Mbps,,
General-0-20240103-08:44:43-452618,config,,,*.switch4.eth[1].bitrate,2300Mbps,,
General-0-20240103-08:44:43-452618,config,,,*.switch4.eth[2].bitrate,1300Mbps,,
General-0-20240103-08:44:43-452618,config,,,*.switch4.eth[3].bitrate,2000Mbps,,
General-0-20240103-08:44:43-452618,config,,,*.switch4.eth[4].bitrate,1600Mbps,,
General-0-20240103-08:44:43-452618,config,,,*.host5.eth[0].bitrate,1000Mbps,,
General-0-20240103-08:44:43-452618,config,,,*.switch5.eth[0].bitrate,1000Mbps,,
General-0-20240103-08:44:43-452618,config,,,*.switch5.eth[1].bitrate,2000Mbps,,
General-0-20240103-08:44:43-452618,config,,,*.switch5.eth[2].bitrate,1300Mbps,,
General-0-20240103-08:44:43-452618,config,,,*.switch5.eth[3].bitrate,2000Mbps,,
General-0-20240103-08:44:43-452618,config,,,*.switch5.eth[4].bitrate,2100Mbps,,
General-0-20240103-08:44:43-452618,config,,,*.switch5.eth[5].bitrate,1600Mbps,,
General-0-20240103-08:44:43-452618,config,,,*.switch5.eth[6].bitrate,2200Mbps,,
General-0-20240103-08:44:43-452618,config,,,*.switch5.eth[7].bitrate,1900Mbps,,
General-0-20240103-08:44:43-452618,config,,,*.switch5.eth[8].bitrate,2100Mbps,,
General-0-20240103-08:44:43-452618,config,,,*.switch5.eth[9].bitrate,1600Mbps,,
General-0-20240103-08:44:43-452618,config,,,*.switch5.eth[10].bitrate,1900Mbps,,
General-0-20240103-08:44:43-452618,config,,,*.switch5.eth[11].bitrate,2300Mbps,,
General-0-20240103-08:44:43-452618,config,,,*.host6.eth[0].bitrate,1000Mbps,,
General-0-20240103-08:44:43-452618,config,,,*.switch6.eth[0].bitrate,1000Mbps,,
General-0-20240103-08:44:43-452618,config,,,*.switch6.eth[1].bitrate,1200Mbps,,
General-0-20240103-08:44:43-452618,config,,,*.switch6.eth[2].bitrate,2200Mbps,,
General-0-20240103-08:44:43-452618,config,,,*.switch6.eth[3].bitrate,1600Mbps,,
General-0-20240103-08:44:43-452618,config,,,*.switch6.eth[4].bitrate,2200Mbps,,
General-0-20240103-08:44:43-452618,config,,,*.switch6.eth[5].bitrate,2300Mbps,,
General-0-20240103-08:44:43-452618,config,,,*.switch6.eth[6].bitrate,1200Mbps,,
General-0-20240103-08:44:43-452618,config,,,*.switch6.eth[7].bitrate,1800Mbps,,
General-0-20240103-08:44:43-452618,config,,,*.switch6.eth[8].bitrate,2100Mbps,,
General-0-20240103-08:44:43-452618,config,,,*.switch6.eth[9].bitrate,1600Mbps,,
General-0-20240103-08:44:43-452618,config,,,*.host7.eth[0].bitrate,1000Mbps,,
General-0-20240103-08:44:43-452618,config,,,*.switch7.eth[0].bitrate,1000Mbps,,
General-0-20240103-08:44:43-452618,config,,,*.switch7.eth[1].bitrate,1400Mbps,,
General-0-20240103-08:44:43-452618,config,,,*.switch7.eth[2].bitrate,2300Mbps,,
General-0-20240103-08:44:43-452618,config,,,*.switch7.eth[3].bitrate,1300Mbps,,
General-0-20240103-08:44:43-452618,config,,,*.switch7.eth[4].bitrate,2200Mbps,,
General-0-20240103-08:44:43-452618,config,,,*.switch7.eth[5].bitrate,1900Mbps,,
General-0-20240103-08:44:43-452618,config,,,*.switch7.eth[6].bitrate,2300Mbps,,
General-0-20240103-08:44:43-452618,config,,,*.switch7.eth[7].bitrate,2100Mbps,,
General-0-20240103-08:44:43-452618,config,,,*.switch7.eth[8].bitrate,1600Mbps,,
General-0-20240103-08:44:43-452618,config,,,*.switch7.eth[9].bitrate,1900Mbps,,
General-0-20240103-08:44:43-452618,config,,,*.switch7.eth[10].bitrate,2200Mbps,,
General-0-20240103-08:44:43-452618,config,,,*.switch7.eth[11].bitrate,1600Mbps,,
General-0-20240103-08:44:43-452618,config,,,*.switch7.eth[12].bitrate,1300Mbps,,
General-0-20240103-08:44:43-452618,config,,,*.host8.eth[0].bitrate,1000Mbps,,
General-0-20240103-08:44:43-452618,config,,,*.switch8.eth[0].bitrate,1000Mbps,,
General-0-20240103-08:44:43-452618,config,,,*.switch8.eth[1].bitrate,1400Mbps,,
General-0-20240103-08:44:43-452618,config,,,*.switch8.eth[2].bitrate,1700Mbps,,
General-0-20240103-08:44:43-452618,config,,,*.switch8.eth[3].bitrate,2100Mbps,,
General-0-20240103-08:44:43-452618,config,,,*.switch8.eth[4].bitrate,1200Mbps,,
General-0-20240103-08:44:43-452618,config,,,*.switch8.eth[5].bitrate,1200Mbps,,
General-0-20240103-08:44:43-452618,config,,,*.switch8.eth[6].bitrate,1800Mbps,,
General-0-20240103-08:44:43-452618,config,,,*.switch8.eth[7].bitrate,2100Mbps,,
General-0-20240103-08:44:43-452618,config,,,*.switch8.eth[8].bitrate,1600Mbps,,
General-0-20240103-08:44:43-452618,config,,,*.switch8.eth[9].bitrate,1600Mbps,,
General-0-20240103-08:44:43-452618,config,,,*.host9.eth[0].bitrate,1000Mbps,,
General-0-20240103-08:44:43-452618,config,,,*.switch9.eth[0].bitrate,1000Mbps,,
General-0-20240103-08:44:43-452618,config,,,*.switch9.eth[1].bitrate,2300Mbps,,
General-0-20240103-08:44:43-452618,config,,,*.switch9.eth[2].bitrate,1400Mbps,,
General-0-20240103-08:44:43-452618,config,,,*.switch9.eth[3].bitrate,1600Mbps,,
General-0-20240103-08:44:43-452618,config,,,*.switch9.eth[4].bitrate,1800Mbps,,
General-0-20240103-08:44:43-452618,config,,,*.switch9.eth[5].bitrate,2200Mbps,,
General-0-20240103-08:44:43-452618,config,,,*.switch9.eth[6].bitrate,2300Mbps,,
General-0-20240103-08:44:43-452618,config,,,*.switch9.eth[7].bitrate,2400Mbps,,
General-0-20240103-08:44:43-452618,config,,,*.switch9.eth[8].bitrate,2300Mbps,,
General-0-20240103-08:44:43-452618,config,,,*.switch9.eth[9].bitrate,1600Mbps,,
General-0-20240103-08:44:43-452618,config,,,*.switch9.eth[10].bitrate,1300Mbps,,
General-0-20240103-08:44:43-452618,config,,,*.switch9.eth[11].bitrate,1600Mbps,,
General-0-20240103-08:44:43-452618,config,,,*.host0.numApps,14,,
General-0-20240103-08:44:43-452618,config,,,*.host0.app[0].typename,UdpSinkApp,,
General-0-20240103-08:44:43-452618,config,,,*.host0.app[0].io.localPort,1000,,
General-0-20240103-08:44:43-452618,config,,,*.host0.app[1].typename,UdpSourceApp,,
General-0-20240103-08:44:43-452618,config,,,*.host0.app[1].io.destAddress,"""host3""",,
General-0-20240103-08:44:43-452618,config,,,*.host0.app[1].source.packetNameFormat,"""%M-%m-%c""",,
General-0-20240103-08:44:43-452618,config,,,*.host0.app[1].source.displayStringTextFormat,"""sent %p pk (%l)""",,
General-0-20240103-08:44:43-452618,config,,,*.host0.app[1].source.packetLength,17B,,
General-0-20240103-08:44:43-452618,config,,,*.host0.app[1].source.productionInterval,1ms,,
General-0-20240103-08:44:43-452618,config,,,*.host0.app[1].display-name,type1_2,,
General-0-20240103-08:44:43-452618,config,,,*.host0.app[1].io.destPort,1000,,
General-0-20240103-08:44:43-452618,config,,,*.host0.app[2].typename,UdpBasicApp,,
General-0-20240103-08:44:43-452618,config,,,*.host0.app[2].destAddresses,"""host3""",,
General-0-20240103-08:44:43-452618,config,,,*.host0.app[2].source.packetNameFormat,"""%M-%m-%c""",,
General-0-20240103-08:44:43-452618,config,,,*.host0.app[2].source.displayStringTextFormat,"""sent %p pk (%l)""",,
General-0-20240103-08:44:43-452618,config,,,*.host0.app[2].messageLength,21B,,
General-0-20240103-08:44:43-452618,config,,,*.host0.app[2].sendInterval,1ms,,
General-0-20240103-08:44:43-452618,config,,,*.host0.app[2].startTime,17ms,,
General-0-20240103-08:44:43-452618,config,,,*.host0.app[2].stopTime,19ms,,
General-0-20240103-08:44:43-452618,config,,,*.host0.app[2].display-name,type2_1,,
General-0-20240103-08:44:43-452618,config,,,*.host0.app[2].destPort,1001,,
General-0-20240103-08:44:43-452618,config,,,*.host0.app[3].typename,UdpBasicApp,,
General-0-20240103-08:44:43-452618,config,,,*.host0.app[3].destAddresses,"""host3""",,
General-0-20240103-08:44:43-452618,config,,,*.host0.app[3].source.packetNameFormat,"""%M-%m-%c""",,
General-0-20240103-08:44:43-452618,config,,,*.host0.app[3].source.displayStringTextFormat,"""sent %p pk (%l)""",,
General-0-20240103-08:44:43-452618,config,,,*.host0.app[3].messageLength,21B,,
General-0-20240103-08:44:43-452618,config,,,*.host0.app[3].sendInterval,1ms,,
General-0-20240103-08:44:43-452618,config,,,*.host0.app[3].startTime,20ms,,
General-0-20240103-08:44:43-452618,config,,,*.host0.app[3].stopTime,32ms,,
General-0-20240103-08:44:43-452618,config,,,*.host0.app[3].display-name,type2_1,,
General-0-20240103-08:44:43-452618,config,,,*.host0.app[3].destPort,1001,,
General-0-20240103-08:44:43-452618,config,,,*.host0.app[4].typename,UdpBasicApp,,
General-0-20240103-08:44:43-452618,config,,,*.host0.app[4].destAddresses,"""host3""",,
General-0-20240103-08:44:43-452618,config,,,*.host0.app[4].source.packetNameFormat,"""%M-%m-%c""",,
General-0-20240103-08:44:43-452618,config,,,*.host0.app[4].source.displayStringTextFormat,"""sent %p pk (%l)""",,
General-0-20240103-08:44:43-452618,config,,,*.host0.app[4].messageLength,21B,,
General-0-20240103-08:44:43-452618,config,,,*.host0.app[4].sendInterval,1ms,,
General-0-20240103-08:44:43-452618,config,,,*.host0.app[4].startTime,37ms,,
General-0-20240103-08:44:43-452618,config,,,*.host0.app[4].stopTime,53ms,,
General-0-20240103-08:44:43-452618,config,,,*.host0.app[4].display-name,type2_1,,
General-0-20240103-08:44:43-452618,config,,,*.host0.app[4].destPort,1001,,
General-0-20240103-08:44:43-452618,config,,,*.host0.app[5].typename,UdpBasicApp,,
General-0-20240103-08:44:43-452618,config,,,*.host0.app[5].destAddresses,"""host3""",,
General-0-20240103-08:44:43-452618,config,,,*.host0.app[5].source.packetNameFormat,"""%M-%m-%c""",,
General-0-20240103-08:44:43-452618,config,,,*.host0.app[5].source.displayStringTextFormat,"""sent %p pk (%l)""",,
General-0-20240103-08:44:43-452618,config,,,*.host0.app[5].messageLength,21B,,
General-0-20240103-08:44:43-452618,config,,,*.host0.app[5].sendInterval,1ms,,
General-0-20240103-08:44:43-452618,config,,,*.host0.app[5].startTime,62ms,,
General-0-20240103-08:44:43-452618,config,,,*.host0.app[5].stopTime,66ms,,
General-0-20240103-08:44:43-452618,config,,,*.host0.app[5].display-name,type2_1,,
General-0-20240103-08:44:43-452618,config,,,*.host0.app[5].destPort,1001,,
General-0-20240103-08:44:43-452618,config,,,*.host0.app[6].typename,UdpBasicApp,,
General-0-20240103-08:44:43-452618,config,,,*.host0.app[6].destAddresses,"""host3""",,
General-0-20240103-08:44:43-452618,config,,,*.host0.app[6].source.packetNameFormat,"""%M-%m-%c""",,
General-0-20240103-08:44:43-452618,config,,,*.host0.app[6].source.displayStringTextFormat,"""sent %p pk (%l)""",,
General-0-20240103-08:44:43-452618,config,,,*.host0.app[6].messageLength,21B,,
General-0-20240103-08:44:43-452618,config,,,*.host0.app[6].sendInterval,1ms,,
General-0-20240103-08:44:43-452618,config,,,*.host0.app[6].startTime,70ms,,
General-0-20240103-08:44:43-452618,config,,,*.host0.app[6].stopTime,73ms,,
General-0-20240103-08:44:43-452618,config,,,*.host0.app[6].display-name,type2_1,,
General-0-20240103-08:44:43-452618,config,,,*.host0.app[6].destPort,1001,,
General-0-20240103-08:44:43-452618,config,,,*.host0.app[7].typename,UdpBasicApp,,
General-0-20240103-08:44:43-452618,config,,,*.host0.app[7].destAddresses,"""host3""",,
General-0-20240103-08:44:43-452618,config,,,*.host0.app[7].source.packetNameFormat,"""%M-%m-%c""",,
General-0-20240103-08:44:43-452618,config,,,*.host0.app[7].source.displayStringTextFormat,"""sent %p pk (%l)""",,
General-0-20240103-08:44:43-452618,config,,,*.host0.app[7].messageLength,21B,,
General-0-20240103-08:44:43-452618,config,,,*.host0.app[7].sendInterval,1ms,,
General-0-20240103-08:44:43-452618,config,,,*.host0.app[7].startTime,76ms,,
General-0-20240103-08:44:43-452618,config,,,*.host0.app[7].stopTime,77ms,,
General-0-20240103-08:44:43-452618,config,,,*.host0.app[7].display-name,type2_1,,
General-0-20240103-08:44:43-452618,config,,,*.host0.app[7].destPort,1001,,
General-0-20240103-08:44:43-452618,config,,,*.host0.app[8].typename,UdpBasicApp,,
General-0-20240103-08:44:43-452618,config,,,*.host0.app[8].destAddresses,"""host3""",,
General-0-20240103-08:44:43-452618,config,,,*.host0.app[8].source.packetNameFormat,"""%M-%m-%c""",,
General-0-20240103-08:44:43-452618,config,,,*.host0.app[8].source.displayStringTextFormat,"""sent %p pk (%l)""",,
General-0-20240103-08:44:43-452618,config,,,*.host0.app[8].messageLength,21B,,
General-0-20240103-08:44:43-452618,config,,,*.host0.app[8].sendInterval,1ms,,
General-0-20240103-08:44:43-452618,config,,,*.host0.app[8].startTime,78ms,,
General-0-20240103-08:44:43-452618,config,,,*.host0.app[8].stopTime,96ms,,
General-0-20240103-08:44:43-452618,config,,,*.host0.app[8].display-name,type2_1,,
General-0-20240103-08:44:43-452618,config,,,*.host0.app[8].destPort,1001,,
General-0-20240103-08:44:43-452618,config,,,*.host0.app[9].typename,UdpBasicApp,,
General-0-20240103-08:44:43-452618,config,,,*.host0.app[9].destAddresses,"""host3""",,
General-0-20240103-08:44:43-452618,config,,,*.host0.app[9].source.packetNameFormat,"""%M-%m-%c""",,
General-0-20240103-08:44:43-452618,config,,,*.host0.app[9].source.displayStringTextFormat,"""sent %p pk (%l)""",,
General-0-20240103-08:44:43-452618,config,,,*.host0.app[9].messageLength,21B,,
General-0-20240103-08:44:43-452618,config,,,*.host0.app[9].sendInterval,1ms,,
General-0-20240103-08:44:43-452618,config,,,*.host0.app[9].startTime,97ms,,
General-0-20240103-08:44:43-452618,config,,,*.host0.app[9].stopTime,100ms,,
General-0-20240103-08:44:43-452618,config,,,*.host0.app[9].display-name,type2_1,,
General-0-20240103-08:44:43-452618,config,,,*.host0.app[9].destPort,1001,,
General-0-20240103-08:44:43-452618,config,,,*.host0.app[10].typename,UdpBasicApp,,
General-0-20240103-08:44:43-452618,config,,,*.host0.app[10].destAddresses,"""host9""",,
General-0-20240103-08:44:43-452618,config,,,*.host0.app[10].source.packetNameFormat,"""%M-%m-%c""",,
General-0-20240103-08:44:43-452618,config,,,*.host0.app[10].source.displayStringTextFormat,"""sent %p pk (%l)""",,
General-0-20240103-08:44:43-452618,config,,,*.host0.app[10].messageLength,22B,,
General-0-20240103-08:44:43-452618,config,,,*.host0.app[10].sendInterval,1ms,,
General-0-20240103-08:44:43-452618,config,,,*.host0.app[10].startTime,12ms,,
General-0-20240103-08:44:43-452618,config,,,*.host0.app[10].stopTime,15ms,,
General-0-20240103-08:44:43-452618,config,,,*.host0.app[10].display-name,type2_4,,
General-0-20240103-08:44:43-452618,config,,,*.host0.app[10].destPort,1000,,
General-0-20240103-08:44:43-452618,config,,,*.host0.app[11].typename,UdpBasicApp,,
General-0-20240103-08:44:43-452618,config,,,*.host0.app[11].destAddresses,"""host9""",,
General-0-20240103-08:44:43-452618,config,,,*.host0.app[11].source.packetNameFormat,"""%M-%m-%c""",,
General-0-20240103-08:44:43-452618,config,,,*.host0.app[11].source.displayStringTextFormat,"""sent %p pk (%l)""",,
General-0-20240103-08:44:43-452618,config,,,*.host0.app[11].messageLength,22B,,
General-0-20240103-08:44:43-452618,config,,,*.host0.app[11].sendInterval,1ms,,
General-0-20240103-08:44:43-452618,config,,,*.host0.app[11].startTime,20ms,,
General-0-20240103-08:44:43-452618,config,,,*.host0.app[11].stopTime,34ms,,
General-0-20240103-08:44:43-452618,config,,,*.host0.app[11].display-name,type2_4,,
General-0-20240103-08:44:43-452618,config,,,*.host0.app[11].destPort,1000,,
General-0-20240103-08:44:43-452618,config,,,*.host0.app[12].typename,UdpBasicApp,,
General-0-20240103-08:44:43-452618,config,,,*.host0.app[12].destAddresses,"""host9""",,
General-0-20240103-08:44:43-452618,config,,,*.host0.app[12].source.packetNameFormat,"""%M-%m-%c""",,
General-0-20240103-08:44:43-452618,config,,,*.host0.app[12].source.displayStringTextFormat,"""sent %p pk (%l)""",,
General-0-20240103-08:44:43-452618,config,,,*.host0.app[12].messageLength,22B,,
General-0-20240103-08:44:43-452618,config,,,*.host0.app[12].sendInterval,1ms,,
General-0-20240103-08:44:43-452618,config,,,*.host0.app[12].startTime,46ms,,
General-0-20240103-08:44:43-452618,config,,,*.host0.app[12].stopTime,100ms,,
General-0-20240103-08:44:43-452618,config,,,*.host0.app[12].display-name,type2_4,,
General-0-20240103-08:44:43-452618,config,,,*.host0.app[12].destPort,1000,,
General-0-20240103-08:44:43-452618,config,,,*.host0.app[13].typename,UdpSinkApp,,
General-0-20240103-08:44:43-452618,config,,,*.host0.app[13].io.localPort,1001,,
General-0-20240103-08:44:43-452618,config,,,*.host1.numApps,16,,
General-0-20240103-08:44:43-452618,config,,,*.host1.app[0].typename,UdpSourceApp,,
General-0-20240103-08:44:43-452618,config,,,*.host1.app[0].io.destAddress,"""host0""",,
General-0-20240103-08:44:43-452618,config,,,*.host1.app[0].source.packetNameFormat,"""%M-%m-%c""",,
General-0-20240103-08:44:43-452618,config,,,*.host1.app[0].source.displayStringTextFormat,"""sent %p pk (%l)""",,
General-0-20240103-08:44:43-452618,config,,,*.host1.app[0].source.packetLength,12B,,
General-0-20240103-08:44:43-452618,config,,,*.host1.app[0].source.productionInterval,1ms,,
General-0-20240103-08:44:43-452618,config,,,*.host1.app[0].display-name,type1_0,,
General-0-20240103-08:44:43-452618,config,,,*.host1.app[0].io.destPort,1000,,
General-0-20240103-08:44:43-452618,config,,,*.host1.app[1].typename,UdpSinkApp,,
General-0-20240103-08:44:43-452618,config,,,*.host1.app[1].io.localPort,1000,,
General-0-20240103-08:44:43-452618,config,,,*.host1.app[2].typename,UdpBasicApp,,
General-0-20240103-08:44:43-452618,config,,,*.host1.app[2].destAddresses,"""host6""",,
General-0-20240103-08:44:43-452618,config,,,*.host1.app[2].source.packetNameFormat,"""%M-%m-%c""",,
General-0-20240103-08:44:43-452618,config,,,*.host1.app[2].source.displayStringTextFormat,"""sent %p pk (%l)""",,
General-0-20240103-08:44:43-452618,config,,,*.host1.app[2].messageLength,20B,,
General-0-20240103-08:44:43-452618,config,,,*.host1.app[2].sendInterval,1ms,,
General-0-20240103-08:44:43-452618,config,,,*.host1.app[2].startTime,0ms,,
General-0-20240103-08:44:43-452618,config,,,*.host1.app[2].stopTime,7ms,,
General-0-20240103-08:44:43-452618,config,,,*.host1.app[2].display-name,type2_5,,
General-0-20240103-08:44:43-452618,config,,,*.host1.app[2].destPort,1001,,
General-0-20240103-08:44:43-452618,config,,,*.host1.app[3].typename,UdpBasicApp,,
General-0-20240103-08:44:43-452618,config,,,*.host1.app[3].destAddresses,"""host6""",,
General-0-20240103-08:44:43-452618,config,,,*.host1.app[3].source.packetNameFormat,"""%M-%m-%c""",,
General-0-20240103-08:44:43-452618,config,,,*.host1.app[3].source.displayStringTextFormat,"""sent %p pk (%l)""",,
General-0-20240103-08:44:43-452618,config,,,*.host1.app[3].messageLength,20B,,
General-0-20240103-08:44:43-452618,config,,,*.host1.app[3].sendInterval,1ms,,
General-0-20240103-08:44:43-452618,config,,,*.host1.app[3].startTime,10ms,,
General-0-20240103-08:44:43-452618,config,,,*.host1.app[3].stopTime,23ms,,
General-0-20240103-08:44:43-452618,config,,,*.host1.app[3].display-name,type2_5,,
General-0-20240103-08:44:43-452618,config,,,*.host1.app[3].destPort,1001,,
General-0-20240103-08:44:43-452618,config,,,*.host1.app[4].typename,UdpBasicApp,,
General-0-20240103-08:44:43-452618,config,,,*.host1.app[4].destAddresses,"""host6""",,
General-0-20240103-08:44:43-452618,config,,,*.host1.app[4].source.packetNameFormat,"""%M-%m-%c""",,
General-0-20240103-08:44:43-452618,config,,,*.host1.app[4].source.displayStringTextFormat,"""sent %p pk (%l)""",,
General-0-20240103-08:44:43-452618,config,,,*.host1.app[4].messageLength,20B,,
General-0-20240103-08:44:43-452618,config,,,*.host1.app[4].sendInterval,1ms,,
General-0-20240103-08:44:43-452618,config,,,*.host1.app[4].startTime,25ms,,
General-0-20240103-08:44:43-452618,config,,,*.host1.app[4].stopTime,38ms,,
General-0-20240103-08:44:43-452618,config,,,*.host1.app[4].display-name,type2_5,,
General-0-20240103-08:44:43-452618,config,,,*.host1.app[4].destPort,1001,,
General-0-20240103-08:44:43-452618,config,,,*.host1.app[5].typename,UdpBasicApp,,
General-0-20240103-08:44:43-452618,config,,,*.host1.app[5].destAddresses,"""host6""",,
General-0-20240103-08:44:43-452618,config,,,*.host1.app[5].source.packetNameFormat,"""%M-%m-%c""",,
General-0-20240103-08:44:43-452618,config,,,*.host1.app[5].source.displayStringTextFormat,"""sent %p pk (%l)""",,
General-0-20240103-08:44:43-452618,config,,,*.host1.app[5].messageLength,20B,,
General-0-20240103-08:44:43-452618,config,,,*.host1.app[5].sendInterval,1ms,,
General-0-20240103-08:44:43-452618,config,,,*.host1.app[5].startTime,42ms,,
General-0-20240103-08:44:43-452618,config,,,*.host1.app[5].stopTime,44ms,,
General-0-20240103-08:44:43-452618,config,,,*.host1.app[5].display-name,type2_5,,
General-0-20240103-08:44:43-452618,config,,,*.host1.app[5].destPort,1001,,
General-0-20240103-08:44:43-452618,config,,,*.host1.app[6].typename,UdpBasicApp,,
General-0-20240103-08:44:43-452618,config,,,*.host1.app[6].destAddresses,"""host6""",,
General-0-20240103-08:44:43-452618,config,,,*.host1.app[6].source.packetNameFormat,"""%M-%m-%c""",,
General-0-20240103-08:44:43-452618,config,,,*.host1.app[6].source.displayStringTextFormat,"""sent %p pk (%l)""",,
General-0-20240103-08:44:43-452618,config,,,*.host1.app[6].messageLength,20B,,
General-0-20240103-08:44:43-452618,config,,,*.host1.app[6].sendInterval,1ms,,
General-0-20240103-08:44:43-452618,config,,,*.host1.app[6].startTime,59ms,,
General-0-20240103-08:44:43-452618,config,,,*.host1.app[6].stopTime,62ms,,
General-0-20240103-08:44:43-452618,config,,,*.host1.app[6].display-name,type2_5,,
General-0-20240103-08:44:43-452618,config,,,*.host1.app[6].destPort,1001,,
General-0-20240103-08:44:43-452618,config,,,*.host1.app[7].typename,UdpBasicApp,,
General-0-20240103-08:44:43-452618,config,,,*.host1.app[7].destAddresses,"""host6""",,
General-0-20240103-08:44:43-452618,config,,,*.host1.app[7].source.packetNameFormat,"""%M-%m-%c""",,
General-0-20240103-08:44:43-452618,config,,,*.host1.app[7].source.displayStringTextFormat,"""sent %p pk (%l)""",,
General-0-20240103-08:44:43-452618,config,,,*.host1.app[7].messageLength,20B,,
General-0-20240103-08:44:43-452618,config,,,*.host1.app[7].sendInterval,1ms,,
General-0-20240103-08:44:43-452618,config,,,*.host1.app[7].startTime,73ms,,
General-0-20240103-08:44:43-452618,config,,,*.host1.app[7].stopTime,76ms,,
General-0-20240103-08:44:43-452618,config,,,*.host1.app[7].display-name,type2_5,,
General-0-20240103-08:44:43-452618,config,,,*.host1.app[7].destPort,1001,,
General-0-20240103-08:44:43-452618,config,,,*.host1.app[8].typename,UdpBasicApp,,
General-0-20240103-08:44:43-452618,config,,,*.host1.app[8].destAddresses,"""host6""",,
General-0-20240103-08:44:43-452618,config,,,*.host1.app[8].source.packetNameFormat,"""%M-%m-%c""",,
General-0-20240103-08:44:43-452618,config,,,*.host1.app[8].source.displayStringTextFormat,"""sent %p pk (%l)""",,
General-0-20240103-08:44:43-452618,config,,,*.host1.app[8].messageLength,20B,,
General-0-20240103-08:44:43-452618,config,,,*.host1.app[8].sendInterval,1ms,,
General-0-20240103-08:44:43-452618,config,,,*.host1.app[8].startTime,79ms,,
General-0-20240103-08:44:43-452618,config,,,*.host1.app[8].stopTime,85ms,,
General-0-20240103-08:44:43-452618,config,,,*.host1.app[8].display-name,type2_5,,
General-0-20240103-08:44:43-452618,config,,,*.host1.app[8].destPort,1001,,
General-0-20240103-08:44:43-452618,config,,,*.host1.app[9].typename,UdpBasicApp,,
General-0-20240103-08:44:43-452618,config,,,*.host1.app[9].destAddresses,"""host6""",,
General-0-20240103-08:44:43-452618,config,,,*.host1.app[9].source.packetNameFormat,"""%M-%m-%c""",,
General-0-20240103-08:44:43-452618,config,,,*.host1.app[9].source.displayStringTextFormat,"""sent %p pk (%l)""",,
General-0-20240103-08:44:43-452618,config,,,*.host1.app[9].messageLength,20B,,
General-0-20240103-08:44:43-452618,config,,,*.host1.app[9].sendInterval,1ms,,
General-0-20240103-08:44:43-452618,config,,,*.host1.app[9].startTime,86ms,,
General-0-20240103-08:44:43-452618,config,,,*.host1.app[9].stopTime,90ms,,
General-0-20240103-08:44:43-452618,config,,,*.host1.app[9].display-name,type2_5,,
General-0-20240103-08:44:43-452618,config,,,*.host1.app[9].destPort,1001,,
General-0-20240103-08:44:43-452618,config,,,*.host1.app[10].typename,UdpBasicApp,,
General-0-20240103-08:44:43-452618,config,,,*.host1.app[10].destAddresses,"""host6""",,
General-0-20240103-08:44:43-452618,config,,,*.host1.app[10].source.packetNameFormat,"""%M-%m-%c""",,
General-0-20240103-08:44:43-452618,config,,,*.host1.app[10].source.displayStringTextFormat,"""sent %p pk (%l)""",,
General-0-20240103-08:44:43-452618,config,,,*.host1.app[10].messageLength,20B,,
General-0-20240103-08:44:43-452618,config,,,*.host1.app[10].sendInterval,1ms,,
General-0-20240103-08:44:43-452618,config,,,*.host1.app[10].startTime,94ms,,
General-0-20240103-08:44:43-452618,config,,,*.host1.app[10].stopTime,100ms,,
General-0-20240103-08:44:43-452618,config,,,*.host1.app[10].display-name,type2_5,,
General-0-20240103-08:44:43-452618,config,,,*.host1.app[10].destPort,1001,,
General-0-20240103-08:44:43-452618,config,,,*.host1.app[11].typename,UdpBasicApp,,
General-0-20240103-08:44:43-452618,config,,,*.host1.app[11].destAddresses,"""host7""",,
General-0-20240103-08:44:43-452618,config,,,*.host1.app[11].source.packetNameFormat,"""%M-%m-%c""",,
General-0-20240103-08:44:43-452618,config,,,*.host1.app[11].source.displayStringTextFormat,"""sent %p pk (%l)""",,
General-0-20240103-08:44:43-452618,config,,,*.host1.app[11].messageLength,21B,,
General-0-20240103-08:44:43-452618,config,,,*.host1.app[11].sendInterval,1ms,,
General-0-20240103-08:44:43-452618,config,,,*.host1.app[11].startTime,4ms,,
General-0-20240103-08:44:43-452618,config,,,*.host1.app[11].stopTime,12ms,,
General-0-20240103-08:44:43-452618,config,,,*.host1.app[11].display-name,type2_6,,
General-0-20240103-08:44:43-452618,config,,,*.host1.app[11].destPort,1001,,
General-0-20240103-08:44:43-452618,config,,,*.host1.app[12].typename,UdpBasicApp,,
General-0-20240103-08:44:43-452618,config,,,*.host1.app[12].destAddresses,"""host7""",,
General-0-20240103-08:44:43-452618,config,,,*.host1.app[12].source.packetNameFormat,"""%M-%m-%c""",,
General-0-20240103-08:44:43-452618,config,,,*.host1.app[12].source.displayStringTextFormat,"""sent %p pk (%l)""",,
General-0-20240103-08:44:43-452618,config,,,*.host1.app[12].messageLength,21B,,
General-0-20240103-08:44:43-452618,config,,,*.host1.app[12].sendInterval,1ms,,
General-0-20240103-08:44:43-452618,config,,,*.host1.app[12].startTime,22ms,,
General-0-20240103-08:44:43-452618,config,,,*.host1.app[12].stopTime,42ms,,
General-0-20240103-08:44:43-452618,config,,,*.host1.app[12].display-name,type2_6,,
General-0-20240103-08:44:43-452618,config,,,*.host1.app[12].destPort,1001,,
General-0-20240103-08:44:43-452618,config,,,*.host1.app[13].typename,UdpBasicApp,,
General-0-20240103-08:44:43-452618,config,,,*.host1.app[13].destAddresses,"""host7""",,
General-0-20240103-08:44:43-452618,config,,,*.host1.app[13].source.packetNameFormat,"""%M-%m-%c""",,
General-0-20240103-08:44:43-452618,config,,,*.host1.app[13].source.displayStringTextFormat,"""sent %p pk (%l)""",,
General-0-20240103-08:44:43-452618,config,,,*.host1.app[13].messageLength,21B,,
General-0-20240103-08:44:43-452618,config,,,*.host1.app[13].sendInterval,1ms,,
General-0-20240103-08:44:43-452618,config,,,*.host1.app[13].startTime,46ms,,
General-0-20240103-08:44:43-452618,config,,,*.host1.app[13].stopTime,69ms,,
General-0-20240103-08:44:43-452618,config,,,*.host1.app[13].display-name,type2_6,,
General-0-20240103-08:44:43-452618,config,,,*.host1.app[13].destPort,1001,,
General-0-20240103-08:44:43-452618,config,,,*.host1.app[14].typename,UdpBasicApp,,
General-0-20240103-08:44:43-452618,config,,,*.host1.app[14].destAddresses,"""host7""",,
General-0-20240103-08:44:43-452618,config,,,*.host1.app[14].source.packetNameFormat,"""%M-%m-%c""",,
General-0-20240103-08:44:43-452618,config,,,*.host1.app[14].source.displayStringTextFormat,"""sent %p pk (%l)""",,
General-0-20240103-08:44:43-452618,config,,,*.host1.app[14].messageLength,21B,,
General-0-20240103-08:44:43-452618,config,,,*.host1.app[14].sendInterval,1ms,,
General-0-20240103-08:44:43-452618,config,,,*.host1.app[14].startTime,89ms,,
General-0-20240103-08:44:43-452618,config,,,*.host1.app[14].stopTime,95ms,,
General-0-20240103-08:44:43-452618,config,,,*.host1.app[14].display-name,type2_6,,
General-0-20240103-08:44:43-452618,config,,,*.host1.app[14].destPort,1001,,
General-0-20240103-08:44:43-452618,config,,,*.host1.app[15].typename,UdpSinkApp,,
General-0-20240103-08:44:43-452618,config,,,*.host1.app[15].io.localPort,1001,,
General-0-20240103-08:44:43-452618,config,,,*.host2.numApps,25,,
General-0-20240103-08:44:43-452618,config,,,*.host2.app[0].typename,UdpSourceApp,,
General-0-20240103-08:44:43-452618,config,,,*.host2.app[0].io.destAddress,"""host1""",,
General-0-20240103-08:44:43-452618,config,,,*.host2.app[0].source.packetNameFormat,"""%M-%m-%c""",,
General-0-20240103-08:44:43-452618,config,,,*.host2.app[0].source.displayStringTextFormat,"""sent %p pk (%l)""",,
General-0-20240103-08:44:43-452618,config,,,*.host2.app[0].source.packetLength,24B,,
General-0-20240103-08:44:43-452618,config,,,*.host2.app[0].source.productionInterval,1ms,,
General-0-20240103-08:44:43-452618,config,,,*.host2.app[0].display-name,type1_1,,
General-0-20240103-08:44:43-452618,config,,,*.host2.app[0].io.destPort,1000,,
General-0-20240103-08:44:43-452618,config,,,*.host2.app[1].typename,UdpBasicApp,,
General-0-20240103-08:44:43-452618,config,,,*.host2.app[1].destAddresses,"""host6""",,
General-0-20240103-08:44:43-452618,config,,,*.host2.app[1].source.packetNameFormat,"""%M-%m-%c""",,
General-0-20240103-08:44:43-452618,config,,,*.host2.app[1].source.displayStringTextFormat,"""sent %p pk (%l)""",,
General-0-20240103-08:44:43-452618,config,,,*.host2.app[1].messageLength,17B,,
General-0-20240103-08:44:43-452618,config,,,*.host2.app[1].sendInterval,1ms,,
General-0-20240103-08:44:43-452618,config,,,*.host2.app[1].startTime,5ms,,
General-0-20240103-08:44:43-452618,config,,,*.host2.app[1].stopTime,14ms,,
General-0-20240103-08:44:43-452618,config,,,*.host2.app[1].display-name,type2_0,,
General-0-20240103-08:44:43-452618,config,,,*.host2.app[1].destPort,1000,,
General-0-20240103-08:44:43-452618,config,,,*.host2.app[2].typename,UdpBasicApp,,
General-0-20240103-08:44:43-452618,config,,,*.host2.app[2].destAddresses,"""host6""",,
General-0-20240103-08:44:43-452618,config,,,*.host2.app[2].source.packetNameFormat,"""%M-%m-%c""",,
General-0-20240103-08:44:43-452618,config,,,*.host2.app[2].source.displayStringTextFormat,"""sent %p pk (%l)""",,
General-0-20240103-08:44:43-452618,config,,,*.host2.app[2].messageLength,17B,,
General-0-20240103-08:44:43-452618,config,,,*.host2.app[2].sendInterval,1ms,,
General-0-20240103-08:44:43-452618,config,,,*.host2.app[2].startTime,15ms,,
General-0-20240103-08:44:43-452618,config,,,*.host2.app[2].stopTime,21ms,,
General-0-20240103-08:44:43-452618,config,,,*.host2.app[2].display-name,type2_0,,
General-0-20240103-08:44:43-452618,config,,,*.host2.app[2].destPort,1000,,
General-0-20240103-08:44:43-452618,config,,,*.host2.app[3].typename,UdpBasicApp,,
General-0-20240103-08:44:43-452618,config,,,*.host2.app[3].destAddresses,"""host6""",,
General-0-20240103-08:44:43-452618,config,,,*.host2.app[3].source.packetNameFormat,"""%M-%m-%c""",,
General-0-20240103-08:44:43-452618,config,,,*.host2.app[3].source.displayStringTextFormat,"""sent %p pk (%l)""",,
General-0-20240103-08:44:43-452618,config,,,*.host2.app[3].messageLength,17B,,
General-0-20240103-08:44:43-452618,config,,,*.host2.app[3].sendInterval,1ms,,
General-0-20240103-08:44:43-452618,config,,,*.host2.app[3].startTime,42ms,,
General-0-20240103-08:44:43-452618,config,,,*.host2.app[3].stopTime,47ms,,
General-0-20240103-08:44:43-452618,config,,,*.host2.app[3].display-name,type2_0,,
General-0-20240103-08:44:43-452618,config,,,*.host2.app[3].destPort,1000,,
General-0-20240103-08:44:43-452618,config,,,*.host2.app[4].typename,UdpBasicApp,,
General-0-20240103-08:44:43-452618,config,,,*.host2.app[4].destAddresses,"""host6""",,
General-0-20240103-08:44:43-452618,config,,,*.host2.app[4].source.packetNameFormat,"""%M-%m-%c""",,
General-0-20240103-08:44:43-452618,config,,,*.host2.app[4].source.displayStringTextFormat,"""sent %p pk (%l)""",,
General-0-20240103-08:44:43-452618,config,,,*.host2.app[4].messageLength,17B,,
General-0-20240103-08:44:43-452618,config,,,*.host2.app[4].sendInterval,1ms,,
General-0-20240103-08:44:43-452618,config,,,*.host2.app[4].startTime,50ms,,
General-0-20240103-08:44:43-452618,config,,,*.host2.app[4].stopTime,53ms,,
General-0-20240103-08:44:43-452618,config,,,*.host2.app[4].display-name,type2_0,,
General-0-20240103-08:44:43-452618,config,,,*.host2.app[4].destPort,1000,,
General-0-20240103-08:44:43-452618,config,,,*.host2.app[5].typename,UdpBasicApp,,
General-0-20240103-08:44:43-452618,config,,,*.host2.app[5].destAddresses,"""host6""",,
General-0-20240103-08:44:43-452618,config,,,*.host2.app[5].source.packetNameFormat,"""%M-%m-%c""",,
General-0-20240103-08:44:43-452618,config,,,*.host2.app[5].source.displayStringTextFormat,"""sent %p pk (%l)""",,
General-0-20240103-08:44:43-452618,config,,,*.host2.app[5].messageLength,17B,,
General-0-20240103-08:44:43-452618,config,,,*.host2.app[5].sendInterval,1ms,,
General-0-20240103-08:44:43-452618,config,,,*.host2.app[5].startTime,59ms,,
General-0-20240103-08:44:43-452618,config,,,*.host2.app[5].stopTime,60ms,,
General-0-20240103-08:44:43-452618,config,,,*.host2.app[5].display-name,type2_0,,
General-0-20240103-08:44:43-452618,config,,,*.host2.app[5].destPort,1000,,
General-0-20240103-08:44:43-452618,config,,,*.host2.app[6].typename,UdpBasicApp,,
General-0-20240103-08:44:43-452618,config,,,*.host2.app[6].destAddresses,"""host6""",,
General-0-20240103-08:44:43-452618,config,,,*.host2.app[6].source.packetNameFormat,"""%M-%m-%c""",,
General-0-20240103-08:44:43-452618,config,,,*.host2.app[6].source.displayStringTextFormat,"""sent %p pk (%l)""",,
General-0-20240103-08:44:43-452618,config,,,*.host2.app[6].messageLength,17B,,
General-0-20240103-08:44:43-452618,config,,,*.host2.app[6].sendInterval,1ms,,
General-0-20240103-08:44:43-452618,config,,,*.host2.app[6].startTime,63ms,,
General-0-20240103-08:44:43-452618,config,,,*.host2.app[6].stopTime,68ms,,
General-0-20240103-08:44:43-452618,config,,,*.host2.app[6].display-name,type2_0,,
General-0-20240103-08:44:43-452618,config,,,*.host2.app[6].destPort,1000,,
General-0-20240103-08:44:43-452618,config,,,*.host2.app[7].typename,UdpBasicApp,,
General-0-20240103-08:44:43-452618,config,,,*.host2.app[7].destAddresses,"""host6""",,
General-0-20240103-08:44:43-452618,config,,,*.host2.app[7].source.packetNameFormat,"""%M-%m-%c""",,
General-0-20240103-08:44:43-452618,config,,,*.host2.app[7].source.displayStringTextFormat,"""sent %p pk (%l)""",,
General-0-20240103-08:44:43-452618,config,,,*.host2.app[7].messageLength,17B,,
General-0-20240103-08:44:43-452618,config,,,*.host2.app[7].sendInterval,1ms,,
General-0-20240103-08:44:43-452618,config,,,*.host2.app[7].startTime,74ms,,
General-0-20240103-08:44:43-452618,config,,,*.host2.app[7].stopTime,77ms,,
General-0-20240103-08:44:43-452618,config,,,*.host2.app[7].display-name,type2_0,,
General-0-20240103-08:44:43-452618,config,,,*.host2.app[7].destPort,1000,,
General-0-20240103-08:44:43-452618,config,,,*.host2.app[8].typename,UdpBasicApp,,
General-0-20240103-08:44:43-452618,config,,,*.host2.app[8].destAddresses,"""host6""",,
General-0-20240103-08:44:43-452618,config,,,*.host2.app[8].source.packetNameFormat,"""%M-%m-%c""",,
General-0-20240103-08:44:43-452618,config,,,*.host2.app[8].source.displayStringTextFormat,"""sent %p pk (%l)""",,
General-0-20240103-08:44:43-452618,config,,,*.host2.app[8].messageLength,17B,,
General-0-20240103-08:44:43-452618,config,,,*.host2.app[8].sendInterval,1ms,,
General-0-20240103-08:44:43-452618,config,,,*.host2.app[8].startTime,78ms,,
General-0-20240103-08:44:43-452618,config,,,*.host2.app[8].stopTime,82ms,,
General-0-20240103-08:44:43-452618,config,,,*.host2.app[8].display-name,type2_0,,
General-0-20240103-08:44:43-452618,config,,,*.host2.app[8].destPort,1000,,
General-0-20240103-08:44:43-452618,config,,,*.host2.app[9].typename,UdpBasicApp,,
General-0-20240103-08:44:43-452618,config,,,*.host2.app[9].destAddresses,"""host7""",,
General-0-20240103-08:44:43-452618,config,,,*.host2.app[9].source.packetNameFormat,"""%M-%m-%c""",,
General-0-20240103-08:44:43-452618,config,,,*.host2.app[9].source.displayStringTextFormat,"""sent %p pk (%l)""",,
General-0-20240103-08:44:43-452618,config,,,*.host2.app[9].messageLength,24B,,
General-0-20240103-08:44:43-452618,config,,,*.host2.app[9].sendInterval,1ms,,
General-0-20240103-08:44:43-452618,config,,,*.host2.app[9].startTime,1ms,,
General-0-20240103-08:44:43-452618,config,,,*.host2.app[9].stopTime,19ms,,
General-0-20240103-08:44:43-452618,config,,,*.host2.app[9].display-name,type2_3,,
General-0-20240103-08:44:43-452618,config,,,*.host2.app[9].destPort,1000,,
General-0-20240103-08:44:43-452618,config,,,*.host2.app[10].typename,UdpBasicApp,,
General-0-20240103-08:44:43-452618,config,,,*.host2.app[10].destAddresses,"""host7""",,
General-0-20240103-08:44:43-452618,config,,,*.host2.app[10].source.packetNameFormat,"""%M-%m-%c""",,
General-0-20240103-08:44:43-452618,config,,,*.host2.app[10].source.displayStringTextFormat,"""sent %p pk (%l)""",,
General-0-20240103-08:44:43-452618,config,,,*.host2.app[10].messageLength,24B,,
General-0-20240103-08:44:43-452618,config,,,*.host2.app[10].sendInterval,1ms,,
General-0-20240103-08:44:43-452618,config,,,*.host2.app[10].startTime,26ms,,
General-0-20240103-08:44:43-452618,config,,,*.host2.app[10].stopTime,37ms,,
General-0-20240103-08:44:43-452618,config,,,*.host2.app[10].display-name,type2_3,,
General-0-20240103-08:44:43-452618,config,,,*.host2.app[10].destPort,1000,,
General-0-20240103-08:44:43-452618,config,,,*.host2.app[11].typename,UdpBasicApp,,
General-0-20240103-08:44:43-452618,config,,,*.host2.app[11].destAddresses,"""host7""",,
General-0-20240103-08:44:43-452618,config,,,*.host2.app[11].source.packetNameFormat,"""%M-%m-%c""",,
General-0-20240103-08:44:43-452618,config,,,*.host2.app[11].source.displayStringTextFormat,"""sent %p pk (%l)""",,
General-0-20240103-08:44:43-452618,config,,,*.host2.app[11].messageLength,24B,,
General-0-20240103-08:44:43-452618,config,,,*.host2.app[11].sendInterval,1ms,,
General-0-20240103-08:44:43-452618,config,,,*.host2.app[11].startTime,38ms,,
General-0-20240103-08:44:43-452618,config,,,*.host2.app[11].stopTime,39ms,,
General-0-20240103-08:44:43-452618,config,,,*.host2.app[11].display-name,type2_3,,
General-0-20240103-08:44:43-452618,config,,,*.host2.app[11].destPort,1000,,
General-0-20240103-08:44:43-452618,config,,,*.host2.app[12].typename,UdpBasicApp,,
General-0-20240103-08:44:43-452618,config,,,*.host2.app[12].destAddresses,"""host7""",,
General-0-20240103-08:44:43-452618,config,,,*.host2.app[12].source.packetNameFormat,"""%M-%m-%c""",,
General-0-20240103-08:44:43-452618,config,,,*.host2.app[12].source.displayStringTextFormat,"""sent %p pk (%l)""",,
General-0-20240103-08:44:43-452618,config,,,*.host2.app[12].messageLength,24B,,
General-0-20240103-08:44:43-452618,config,,,*.host2.app[12].sendInterval,1ms,,
General-0-20240103-08:44:43-452618,config,,,*.host2.app[12].startTime,41ms,,
General-0-20240103-08:44:43-452618,config,,,*.host2.app[12].stopTime,42ms,,
General-0-20240103-08:44:43-452618,config,,,*.host2.app[12].display-name,type2_3,,
General-0-20240103-08:44:43-452618,config,,,*.host2.app[12].destPort,1000,,
General-0-20240103-08:44:43-452618,config,,,*.host2.app[13].typename,UdpBasicApp,,
General-0-20240103-08:44:43-452618,config,,,*.host2.app[13].destAddresses,"""host7""",,
General-0-20240103-08:44:43-452618,config,,,*.host2.app[13].source.packetNameFormat,"""%M-%m-%c""",,
General-0-20240103-08:44:43-452618,config,,,*.host2.app[13].source.displayStringTextFormat,"""sent %p pk (%l)""",,
General-0-20240103-08:44:43-452618,config,,,*.host2.app[13].messageLength,24B,,
General-0-20240103-08:44:43-452618,config,,,*.host2.app[13].sendInterval,1ms,,
General-0-20240103-08:44:43-452618,config,,,*.host2.app[13].startTime,50ms,,
General-0-20240103-08:44:43-452618,config,,,*.host2.app[13].stopTime,63ms,,
General-0-20240103-08:44:43-452618,config,,,*.host2.app[13].display-name,type2_3,,
General-0-20240103-08:44:43-452618,config,,,*.host2.app[13].destPort,1000,,
General-0-20240103-08:44:43-452618,config,,,*.host2.app[14].typename,UdpBasicApp,,
General-0-20240103-08:44:43-452618,config,,,*.host2.app[14].destAddresses,"""host7""",,
General-0-20240103-08:44:43-452618,config,,,*.host2.app[14].source.packetNameFormat,"""%M-%m-%c""",,
General-0-20240103-08:44:43-452618,config,,,*.host2.app[14].source.displayStringTextFormat,"""sent %p pk (%l)""",,
General-0-20240103-08:44:43-452618,config,,,*.host2.app[14].messageLength,24B,,
General-0-20240103-08:44:43-452618,config,,,*.host2.app[14].sendInterval,1ms,,
General-0-20240103-08:44:43-452618,config,,,*.host2.app[14].startTime,88ms,,
General-0-20240103-08:44:43-452618,config,,,*.host2.app[14].stopTime,93ms,,
General-0-20240103-08:44:43-452618,config,,,*.host2.app[14].display-name,type2_3,,
General-0-20240103-08:44:43-452618,config,,,*.host2.app[14].destPort,1000,,
General-0-20240103-08:44:43-452618,config,,,*.host2.app[15].typename,UdpBasicApp,,
General-0-20240103-08:44:43-452618,config,,,*.host2.app[15].destAddresses,"""host7""",,
General-0-20240103-08:44:43-452618,config,,,*.host2.app[15].source.packetNameFormat,"""%M-%m-%c""",,
General-0-20240103-08:44:43-452618,config,,,*.host2.app[15].source.displayStringTextFormat,"""sent %p pk (%l)""",,
General-0-20240103-08:44:43-452618,config,,,*.host2.app[15].messageLength,24B,,
General-0-20240103-08:44:43-452618,config,,,*.host2.app[15].sendInterval,1ms,,
General-0-20240103-08:44:43-452618,config,,,*.host2.app[15].startTime,96ms,,
General-0-20240103-08:44:43-452618,config,,,*.host2.app[15].stopTime,100ms,,
General-0-20240103-08:44:43-452618,config,,,*.host2.app[15].display-name,type2_3,,
General-0-20240103-08:44:43-452618,config,,,*.host2.app[15].destPort,1000,,
General-0-20240103-08:44:43-452618,config,,,*.host2.app[16].typename,UdpBasicApp,,
General-0-20240103-08:44:43-452618,config,,,*.host2.app[16].destAddresses,"""host0""",,
General-0-20240103-08:44:43-452618,config,,,*.host2.app[16].source.packetNameFormat,"""%M-%m-%c""",,
General-0-20240103-08:44:43-452618,config,,,*.host2.app[16].source.displayStringTextFormat,"""sent %p pk (%l)""",,
General-0-20240103-08:44:43-452618,config,,,*.host2.app[16].messageLength,17B,,
General-0-20240103-08:44:43-452618,config,,,*.host2.app[16].sendInterval,1ms,,
General-0-20240103-08:44:43-452618,config,,,*.host2.app[16].startTime,1ms,,
General-0-20240103-08:44:43-452618,config,,,*.host2.app[16].stopTime,6ms,,
General-0-20240103-08:44:43-452618,config,,,*.host2.app[16].display-name,type2_7,,
General-0-20240103-08:44:43-452618,config,,,*.host2.app[16].destPort,1001,,
General-0-20240103-08:44:43-452618,config,,,*.host2.app[17].typename,UdpBasicApp,,
General-0-20240103-08:44:43-452618,config,,,*.host2.app[17].destAddresses,"""host0""",,
General-0-20240103-08:44:43-452618,config,,,*.host2.app[17].source.packetNameFormat,"""%M-%m-%c""",,
General-0-20240103-08:44:43-452618,config,,,*.host2.app[17].source.displayStringTextFormat,"""sent %p pk (%l)""",,
General-0-20240103-08:44:43-452618,config,,,*.host2.app[17].messageLength,17B,,
General-0-20240103-08:44:43-452618,config,,,*.host2.app[17].sendInterval,1ms,,
General-0-20240103-08:44:43-452618,config,,,*.host2.app[17].startTime,16ms,,
General-0-20240103-08:44:43-452618,config,,,*.host2.app[17].stopTime,29ms,,
General-0-20240103-08:44:43-452618,config,,,*.host2.app[17].display-name,type2_7,,
General-0-20240103-08:44:43-452618,config,,,*.host2.app[17].destPort,1001,,
General-0-20240103-08:44:43-452618,config,,,*.host2.app[18].typename,UdpBasicApp,,
General-0-20240103-08:44:43-452618,config,,,*.host2.app[18].destAddresses,"""host0""",,
General-0-20240103-08:44:43-452618,config,,,*.host2.app[18].source.packetNameFormat,"""%M-%m-%c""",,
General-0-20240103-08:44:43-452618,config,,,*.host2.app[18].source.displayStringTextFormat,"""sent %p pk (%l)""",,
General-0-20240103-08:44:43-452618,config,,,*.host2.app[18].messageLength,17B,,
General-0-20240103-08:44:43-452618,config,,,*.host2.app[18].sendInterval,1ms,,
General-0-20240103-08:44:43-452618,config,,,*.host2.app[18].startTime,36ms,,
General-0-20240103-08:44:43-452618,config,,,*.host2.app[18].stopTime,42ms,,
General-0-20240103-08:44:43-452618,config,,,*.host2.app[18].display-name,type2_7,,
General-0-20240103-08:44:43-452618,config,,,*.host2.app[18].destPort,1001,,
General-0-20240103-08:44:43-452618,config,,,*.host2.app[19].typename,UdpBasicApp,,
General-0-20240103-08:44:43-452618,config,,,*.host2.app[19].destAddresses,"""host0""",,
General-0-20240103-08:44:43-452618,config,,,*.host2.app[19].source.packetNameFormat,"""%M-%m-%c""",,
General-0-20240103-08:44:43-452618,config,,,*.host2.app[19].source.displayStringTextFormat,"""sent %p pk (%l)""",,
General-0-20240103-08:44:43-452618,config,,,*.host2.app[19].messageLength,17B,,
General-0-20240103-08:44:43-452618,config,,,*.host2.app[19].sendInterval,1ms,,
General-0-20240103-08:44:43-452618,config,,,*.host2.app[19].startTime,44ms,,
General-0-20240103-08:44:43-452618,config,,,*.host2.app[19].stopTime,45ms,,
General-0-20240103-08:44:43-452618,config,,,*.host2.app[19].display-name,type2_7,,
General-0-20240103-08:44:43-452618,config,,,*.host2.app[19].destPort,1001,,
General-0-20240103-08:44:43-452618,config,,,*.host2.app[20].typename,UdpBasicApp,,
General-0-20240103-08:44:43-452618,config,,,*.host2.app[20].destAddresses,"""host0""",,
General-0-20240103-08:44:43-452618,config,,,*.host2.app[20].source.packetNameFormat,"""%M-%m-%c""",,
General-0-20240103-08:44:43-452618,config,,,*.host2.app[20].source.displayStringTextFormat,"""sent %p pk (%l)""",,
General-0-20240103-08:44:43-452618,config,,,*.host2.app[20].messageLength,17B,,
General-0-20240103-08:44:43-452618,config,,,*.host2.app[20].sendInterval,1ms,,
General-0-20240103-08:44:43-452618,config,,,*.host2.app[20].startTime,54ms,,
General-0-20240103-08:44:43-452618,config,,,*.host2.app[20].stopTime,72ms,,
General-0-20240103-08:44:43-452618,config,,,*.host2.app[20].display-name,type2_7,,
General-0-20240103-08:44:43-452618,config,,,*.host2.app[20].destPort,1001,,
General-0-20240103-08:44:43-452618,config,,,*.host2.app[21].typename,UdpBasicApp,,
General-0-20240103-08:44:43-452618,config,,,*.host2.app[21].destAddresses,"""host0""",,
General-0-20240103-08:44:43-452618,config,,,*.host2.app[21].source.packetNameFormat,"""%M-%m-%c""",,
General-0-20240103-08:44:43-452618,config,,,*.host2.app[21].source.displayStringTextFormat,"""sent %p pk (%l)""",,
General-0-20240103-08:44:43-452618,config,,,*.host2.app[21].messageLength,17B,,
General-0-20240103-08:44:43-452618,config,,,*.host2.app[21].sendInterval,1ms,,
General-0-20240103-08:44:43-452618,config,,,*.host2.app[21].startTime,78ms,,
General-0-20240103-08:44:43-452618,config,,,*.host2.app[21].stopTime,80ms,,
General-0-20240103-08:44:43-452618,config,,,*.host2.app[21].display-name,type2_7,,
General-0-20240103-08:44:43-452618,config,,,*.host2.app[21].destPort,1001,,
General-0-20240103-08:44:43-452618,config,,,*.host2.app[22].typename,UdpBasicApp,,
General-0-20240103-08:44:43-452618,config,,,*.host2.app[22].destAddresses,"""host0""",,
General-0-20240103-08:44:43-452618,config,,,*.host2.app[22].source.packetNameFormat,"""%M-%m-%c""",,
General-0-20240103-08:44:43-452618,config,,,*.host2.app[22].source.displayStringTextFormat,"""sent %p pk (%l)""",,
General-0-20240103-08:44:43-452618,config,,,*.host2.app[22].messageLength,17B,,
General-0-20240103-08:44:43-452618,config,,,*.host2.app[22].sendInterval,1ms,,
General-0-20240103-08:44:43-452618,config,,,*.host2.app[22].startTime,86ms,,
General-0-20240103-08:44:43-452618,config,,,*.host2.app[22].stopTime,97ms,,
General-0-20240103-08:44:43-452618,config,,,*.host2.app[22].display-name,type2_7,,
General-0-20240103-08:44:43-452618,config,,,*.host2.app[22].destPort,1001,,
General-0-20240103-08:44:43-452618,config,,,*.host2.app[23].typename,UdpBasicApp,,
General-0-20240103-08:44:43-452618,config,,,*.host2.app[23].destAddresses,"""host0""",,
General-0-20240103-08:44:43-452618,config,,,*.host2.app[23].source.packetNameFormat,"""%M-%m-%c""",,
General-0-20240103-08:44:43-452618,config,,,*.host2.app[23].source.displayStringTextFormat,"""sent %p pk (%l)""",,
General-0-20240103-08:44:43-452618,config,,,*.host2.app[23].messageLength,17B,,
General-0-20240103-08:44:43-452618,config,,,*.host2.app[23].sendInterval,1ms,,
General-0-20240103-08:44:43-452618,config,,,*.host2.app[23].startTime,98ms,,
General-0-20240103-08:44:43-452618,config,,,*.host2.app[23].stopTime,100ms,,
General-0-20240103-08:44:43-452618,config,,,*.host2.app[23].display-name,type2_7,,
General-0-20240103-08:44:43-452618,config,,,*.host2.app[23].destPort,1001,,
General-0-20240103-08:44:43-452618,config,,,*.host2.app[24].typename,UdpSinkApp,,
General-0-20240103-08:44:43-452618,config,,,*.host2.app[24].io.localPort,1000,,
General-0-20240103-08:44:43-452618,config,,,*.host3.numApps,11,,
General-0-20240103-08:44:43-452618,config,,,*.host3.app[0].typename,UdpSinkApp,,
General-0-20240103-08:44:43-452618,config,,,*.host3.app[0].io.localPort,1000,,
General-0-20240103-08:44:43-452618,config,,,*.host3.app[1].typename,UdpSinkApp,,
General-0-20240103-08:44:43-452618,config,,,*.host3.app[1].io.localPort,1001,,
General-0-20240103-08:44:43-452618,config,,,*.host3.app[2].typename,UdpBasicApp,,
General-0-20240103-08:44:43-452618,config,,,*.host3.app[2].destAddresses,"""host1""",,
General-0-20240103-08:44:43-452618,config,,,*.host3.app[2].source.packetNameFormat,"""%M-%m-%c""",,
General-0-20240103-08:44:43-452618,config,,,*.host3.app[2].source.displayStringTextFormat,"""sent %p pk (%l)""",,
General-0-20240103-08:44:43-452618,config,,,*.host3.app[2].messageLength,24B,,
General-0-20240103-08:44:43-452618,config,,,*.host3.app[2].sendInterval,1ms,,
General-0-20240103-08:44:43-452618,config,,,*.host3.app[2].startTime,2ms,,
General-0-20240103-08:44:43-452618,config,,,*.host3.app[2].stopTime,9ms,,
General-0-20240103-08:44:43-452618,config,,,*.host3.app[2].display-name,type2_11,,
General-0-20240103-08:44:43-452618,config,,,*.host3.app[2].destPort,1001,,
General-0-20240103-08:44:43-452618,config,,,*.host3.app[3].typename,UdpBasicApp,,
General-0-20240103-08:44:43-452618,config,,,*.host3.app[3].destAddresses,"""host1""",,
General-0-20240103-08:44:43-452618,config,,,*.host3.app[3].source.packetNameFormat,"""%M-%m-%c""",,
General-0-20240103-08:44:43-452618,config,,,*.host3.app[3].source.displayStringTextFormat,"""sent %p pk (%l)""",,
General-0-20240103-08:44:43-452618,config,,,*.host3.app[3].messageLength,24B,,
General-0-20240103-08:44:43-452618,config,,,*.host3.app[3].sendInterval,1ms,,
General-0-20240103-08:44:43-452618,config,,,*.host3.app[3].startTime,11ms,,
General-0-20240103-08:44:43-452618,config,,,*.host3.app[3].stopTime,14ms,,
General-0-20240103-08:44:43-452618,config,,,*.host3.app[3].display-name,type2_11,,
General-0-20240103-08:44:43-452618,config,,,*.host3.app[3].destPort,1001,,
General-0-20240103-08:44:43-452618,config,,,*.host3.app[4].typename,UdpBasicApp,,
General-0-20240103-08:44:43-452618,config,,,*.host3.app[4].destAddresses,"""host1""",,
General-0-20240103-08:44:43-452618,config,,,*.host3.app[4].source.packetNameFormat,"""%M-%m-%c""",,
General-0-20240103-08:44:43-452618,config,,,*.host3.app[4].source.displayStringTextFormat,"""sent %p pk (%l)""",,
General-0-20240103-08:44:43-452618,config,,,*.host3.app[4].messageLength,24B,,
General-0-20240103-08:44:43-452618,config,,,*.host3.app[4].sendInterval,1ms,,
General-0-20240103-08:44:43-452618,config,,,*.host3.app[4].startTime,21ms,,
General-0-20240103-08:44:43-452618,config,,,*.host3.app[4].stopTime,23ms,,
General-0-20240103-08:44:43-452618,config,,,*.host3.app[4].display-name,type2_11,,
General-0-20240103-08:44:43-452618,config,,,*.host3.app[4].destPort,1001,,
General-0-20240103-08:44:43-452618,config,,,*.host3.app[5].typename,UdpBasicApp,,
General-0-20240103-08:44:43-452618,config,,,*.host3.app[5].destAddresses,"""host1""",,
General-0-20240103-08:44:43-452618,config,,,*.host3.app[5].source.packetNameFormat,"""%M-%m-%c""",,
General-0-20240103-08:44:43-452618,config,,,*.host3.app[5].source.displayStringTextFormat,"""sent %p pk (%l)""",,
General-0-20240103-08:44:43-452618,config,,,*.host3.app[5].messageLength,24B,,
General-0-20240103-08:44:43-452618,config,,,*.host3.app[5].sendInterval,1ms,,
General-0-20240103-08:44:43-452618,config,,,*.host3.app[5].startTime,36ms,,
General-0-20240103-08:44:43-452618,config,,,*.host3.app[5].stopTime,40ms,,
General-0-20240103-08:44:43-452618,config,,,*.host3.app[5].display-name,type2_11,,
General-0-20240103-08:44:43-452618,config,,,*.host3.app[5].destPort,1001,,
General-0-20240103-08:44:43-452618,config,,,*.host3.app[6].typename,UdpBasicApp,,
General-0-20240103-08:44:43-452618,config,,,*.host3.app[6].destAddresses,"""host1""",,
General-0-20240103-08:44:43-452618,config,,,*.host3.app[6].source.packetNameFormat,"""%M-%m-%c""",,
General-0-20240103-08:44:43-452618,config,,,*.host3.app[6].source.displayStringTextFormat,"""sent %p pk (%l)""",,
General-0-20240103-08:44:43-452618,config,,,*.host3.app[6].messageLength,24B,,
General-0-20240103-08:44:43-452618,config,,,*.host3.app[6].sendInterval,1ms,,
General-0-20240103-08:44:43-452618,config,,,*.host3.app[6].startTime,44ms,,
General-0-20240103-08:44:43-452618,config,,,*.host3.app[6].stopTime,46ms,,
General-0-20240103-08:44:43-452618,config,,,*.host3.app[6].display-name,type2_11,,
General-0-20240103-08:44:43-452618,config,,,*.host3.app[6].destPort,1001,,
General-0-20240103-08:44:43-452618,config,,,*.host3.app[7].typename,UdpBasicApp,,
General-0-20240103-08:44:43-452618,config,,,*.host3.app[7].destAddresses,"""host1""",,
General-0-20240103-08:44:43-452618,config,,,*.host3.app[7].source.packetNameFormat,"""%M-%m-%c""",,
General-0-20240103-08:44:43-452618,config,,,*.host3.app[7].source.displayStringTextFormat,"""sent %p pk (%l)""",,
General-0-20240103-08:44:43-452618,config,,,*.host3.app[7].messageLength,24B,,
General-0-20240103-08:44:43-452618,config,,,*.host3.app[7].sendInterval,1ms,,
General-0-20240103-08:44:43-452618,config,,,*.host3.app[7].startTime,50ms,,
General-0-20240103-08:44:43-452618,config,,,*.host3.app[7].stopTime,60ms,,
General-0-20240103-08:44:43-452618,config,,,*.host3.app[7].display-name,type2_11,,
General-0-20240103-08:44:43-452618,config,,,*.host3.app[7].destPort,1001,,
General-0-20240103-08:44:43-452618,config,,,*.host3.app[8].typename,UdpBasicApp,,
General-0-20240103-08:44:43-452618,config,,,*.host3.app[8].destAddresses,"""host1""",,
General-0-20240103-08:44:43-452618,config,,,*.host3.app[8].source.packetNameFormat,"""%M-%m-%c""",,
General-0-20240103-08:44:43-452618,config,,,*.host3.app[8].source.displayStringTextFormat,"""sent %p pk (%l)""",,
General-0-20240103-08:44:43-452618,config,,,*.host3.app[8].messageLength,24B,,
General-0-20240103-08:44:43-452618,config,,,*.host3.app[8].sendInterval,1ms,,
General-0-20240103-08:44:43-452618,config,,,*.host3.app[8].startTime,61ms,,
General-0-20240103-08:44:43-452618,config,,,*.host3.app[8].stopTime,64ms,,
General-0-20240103-08:44:43-452618,config,,,*.host3.app[8].display-name,type2_11,,
General-0-20240103-08:44:43-452618,config,,,*.host3.app[8].destPort,1001,,
General-0-20240103-08:44:43-452618,config,,,*.host3.app[9].typename,UdpBasicApp,,
General-0-20240103-08:44:43-452618,config,,,*.host3.app[9].destAddresses,"""host1""",,
General-0-20240103-08:44:43-452618,config,,,*.host3.app[9].source.packetNameFormat,"""%M-%m-%c""",,
General-0-20240103-08:44:43-452618,config,,,*.host3.app[9].source.displayStringTextFormat,"""sent %p pk (%l)""",,
General-0-20240103-08:44:43-452618,config,,,*.host3.app[9].messageLength,24B,,
General-0-20240103-08:44:43-452618,config,,,*.host3.app[9].sendInterval,1ms,,
General-0-20240103-08:44:43-452618,config,,,*.host3.app[9].startTime,69ms,,
General-0-20240103-08:44:43-452618,config,,,*.host3.app[9].stopTime,71ms,,
General-0-20240103-08:44:43-452618,config,,,*.host3.app[9].display-name,type2_11,,
General-0-20240103-08:44:43-452618,config,,,*.host3.app[9].destPort,1001,,
General-0-20240103-08:44:43-452618,config,,,*.host3.app[10].typename,UdpBasicApp,,
General-0-20240103-08:44:43-452618,config,,,*.host3.app[10].destAddresses,"""host1""",,
General-0-20240103-08:44:43-452618,config,,,*.host3.app[10].source.packetNameFormat,"""%M-%m-%c""",,
General-0-20240103-08:44:43-452618,config,,,*.host3.app[10].source.displayStringTextFormat,"""sent %p pk (%l)""",,
General-0-20240103-08:44:43-452618,config,,,*.host3.app[10].messageLength,24B,,
General-0-20240103-08:44:43-452618,config,,,*.host3.app[10].sendInterval,1ms,,
General-0-20240103-08:44:43-452618,config,,,*.host3.app[10].startTime,86ms,,
General-0-20240103-08:44:43-452618,config,,,*.host3.app[10].stopTime,100ms,,
General-0-20240103-08:44:43-452618,config,,,*.host3.app[10].display-name,type2_11,,
General-0-20240103-08:44:43-452618,config,,,*.host3.app[10].destPort,1001,,
General-0-20240103-08:44:43-452618,config,,,*.host4.numApps,6,,
General-0-20240103-08:44:43-452618,config,,,*.host4.app[0].typename,UdpBasicApp,,
General-0-20240103-08:44:43-452618,config,,,*.host4.app[0].destAddresses,"""host8""",,
General-0-20240103-08:44:43-452618,config,,,*.host4.app[0].source.packetNameFormat,"""%M-%m-%c""",,
General-0-20240103-08:44:43-452618,config,,,*.host4.app[0].source.displayStringTextFormat,"""sent %p pk (%l)""",,
General-0-20240103-08:44:43-452618,config,,,*.host4.app[0].messageLength,15B,,
General-0-20240103-08:44:43-452618,config,,,*.host4.app[0].sendInterval,1ms,,
General-0-20240103-08:44:43-452618,config,,,*.host4.app[0].startTime,0ms,,
General-0-20240103-08:44:43-452618,config,,,*.host4.app[0].stopTime,6ms,,
General-0-20240103-08:44:43-452618,config,,,*.host4.app[0].display-name,type2_2,,
General-0-20240103-08:44:43-452618,config,,,*.host4.app[0].destPort,1000,,
General-0-20240103-08:44:43-452618,config,,,*.host4.app[1].typename,UdpBasicApp,,
General-0-20240103-08:44:43-452618,config,,,*.host4.app[1].destAddresses,"""host8""",,
General-0-20240103-08:44:43-452618,config,,,*.host4.app[1].source.packetNameFormat,"""%M-%m-%c""",,
General-0-20240103-08:44:43-452618,config,,,*.host4.app[1].source.displayStringTextFormat,"""sent %p pk (%l)""",,
General-0-20240103-08:44:43-452618,config,,,*.host4.app[1].messageLength,15B,,
General-0-20240103-08:44:43-452618,config,,,*.host4.app[1].sendInterval,1ms,,
General-0-20240103-08:44:43-452618,config,,,*.host4.app[1].startTime,13ms,,
General-0-20240103-08:44:43-452618,config,,,*.host4.app[1].stopTime,18ms,,
General-0-20240103-08:44:43-452618,config,,,*.host4.app[1].display-name,type2_2,,
General-0-20240103-08:44:43-452618,config,,,*.host4.app[1].destPort,1000,,
General-0-20240103-08:44:43-452618,config,,,*.host4.app[2].typename,UdpBasicApp,,
General-0-20240103-08:44:43-452618,config,,,*.host4.app[2].destAddresses,"""host8""",,
General-0-20240103-08:44:43-452618,config,,,*.host4.app[2].source.packetNameFormat,"""%M-%m-%c""",,
General-0-20240103-08:44:43-452618,config,,,*.host4.app[2].source.displayStringTextFormat,"""sent %p pk (%l)""",,
General-0-20240103-08:44:43-452618,config,,,*.host4.app[2].messageLength,15B,,
General-0-20240103-08:44:43-452618,config,,,*.host4.app[2].sendInterval,1ms,,
General-0-20240103-08:44:43-452618,config,,,*.host4.app[2].startTime,26ms,,
General-0-20240103-08:44:43-452618,config,,,*.host4.app[2].stopTime,28ms,,
General-0-20240103-08:44:43-452618,config,,,*.host4.app[2].display-name,type2_2,,
General-0-20240103-08:44:43-452618,config,,,*.host4.app[2].destPort,1000,,
General-0-20240103-08:44:43-452618,config,,,*.host4.app[3].typename,UdpBasicApp,,
General-0-20240103-08:44:43-452618,config,,,*.host4.app[3].destAddresses,"""host8""",,
General-0-20240103-08:44:43-452618,config,,,*.host4.app[3].source.packetNameFormat,"""%M-%m-%c""",,
General-0-20240103-08:44:43-452618,config,,,*.host4.app[3].source.displayStringTextFormat,"""sent %p pk (%l)""",,
General-0-20240103-08:44:43-452618,config,,,*.host4.app[3].messageLength,15B,,
General-0-20240103-08:44:43-452618,config,,,*.host4.app[3].sendInterval,1ms,,
General-0-20240103-08:44:43-452618,config,,,*.host4.app[3].startTime,32ms,,
General-0-20240103-08:44:43-452618,config,,,*.host4.app[3].stopTime,64ms,,
General-0-20240103-08:44:43-452618,config,,,*.host4.app[3].display-name,type2_2,,
General-0-20240103-08:44:43-452618,config,,,*.host4.app[3].destPort,1000,,
General-0-20240103-08:44:43-452618,config,,,*.host4.app[4].typename,UdpBasicApp,,
General-0-20240103-08:44:43-452618,config,,,*.host4.app[4].destAddresses,"""host8""",,
General-0-20240103-08:44:43-452618,config,,,*.host4.app[4].source.packetNameFormat,"""%M-%m-%c""",,
General-0-20240103-08:44:43-452618,config,,,*.host4.app[4].source.displayStringTextFormat,"""sent %p pk (%l)""",,
General-0-20240103-08:44:43-452618,config,,,*.host4.app[4].messageLength,15B,,
General-0-20240103-08:44:43-452618,config,,,*.host4.app[4].sendInterval,1ms,,
General-0-20240103-08:44:43-452618,config,,,*.host4.app[4].startTime,71ms,,
General-0-20240103-08:44:43-452618,config,,,*.host4.app[4].stopTime,97ms,,
General-0-20240103-08:44:43-452618,config,,,*.host4.app[4].display-name,type2_2,,
General-0-20240103-08:44:43-452618,config,,,*.host4.app[4].destPort,1000,,
General-0-20240103-08:44:43-452618,config,,,*.host4.app[5].typename,UdpBasicApp,,
General-0-20240103-08:44:43-452618,config,,,*.host4.app[5].destAddresses,"""host8""",,
General-0-20240103-08:44:43-452618,config,,,*.host4.app[5].source.packetNameFormat,"""%M-%m-%c""",,
General-0-20240103-08:44:43-452618,config,,,*.host4.app[5].source.displayStringTextFormat,"""sent %p pk (%l)""",,
General-0-20240103-08:44:43-452618,config,,,*.host4.app[5].messageLength,15B,,
General-0-20240103-08:44:43-452618,config,,,*.host4.app[5].sendInterval,1ms,,
General-0-20240103-08:44:43-452618,config,,,*.host4.app[5].startTime,98ms,,
General-0-20240103-08:44:43-452618,config,,,*.host4.app[5].stopTime,100ms,,
General-0-20240103-08:44:43-452618,config,,,*.host4.app[5].display-name,type2_2,,
General-0-20240103-08:44:43-452618,config,,,*.host4.app[5].destPort,1000,,
General-0-20240103-08:44:43-452618,config,,,*.host5.numApps,1,,
General-0-20240103-08:44:43-452618,config,,,*.host5.app[0].typename,UdpSinkApp,,
General-0-20240103-08:44:43-452618,config,,,*.host5.app[0].io.localPort,1000,,
General-0-20240103-08:44:43-452618,config,,,*.host6.numApps,2,,
General-0-20240103-08:44:43-452618,config,,,*.host6.app[0].typename,UdpSinkApp,,
General-0-20240103-08:44:43-452618,config,,,*.host6.app[0].io.localPort,1000,,
General-0-20240103-08:44:43-452618,config,,,*.host6.app[1].typename,UdpSinkApp,,
General-0-20240103-08:44:43-452618,config,,,*.host6.app[1].io.localPort,1001,,
General-0-20240103-08:44:43-452618,config,,,*.host7.numApps,11,,
General-0-20240103-08:44:43-452618,config,,,*.host7.app[0].typename,UdpSinkApp,,
General-0-20240103-08:44:43-452618,config,,,*.host7.app[0].io.localPort,1000,,
General-0-20240103-08:44:43-452618,config,,,*.host7.app[1].typename,UdpSinkApp,,
General-0-20240103-08:44:43-452618,config,,,*.host7.app[1].io.localPort,1001,,
General-0-20240103-08:44:43-452618,config,,,*.host7.app[2].typename,UdpBasicApp,,
General-0-20240103-08:44:43-452618,config,,,*.host7.app[2].destAddresses,"""host9""",,
General-0-20240103-08:44:43-452618,config,,,*.host7.app[2].source.packetNameFormat,"""%M-%m-%c""",,
General-0-20240103-08:44:43-452618,config,,,*.host7.app[2].source.displayStringTextFormat,"""sent %p pk (%l)""",,
General-0-20240103-08:44:43-452618,config,,,*.host7.app[2].messageLength,21B,,
General-0-20240103-08:44:43-452618,config,,,*.host7.app[2].sendInterval,1ms,,
General-0-20240103-08:44:43-452618,config,,,*.host7.app[2].startTime,9ms,,
General-0-20240103-08:44:43-452618,config,,,*.host7.app[2].stopTime,10ms,,
General-0-20240103-08:44:43-452618,config,,,*.host7.app[2].display-name,type2_8,,
General-0-20240103-08:44:43-452618,config,,,*.host7.app[2].destPort,1001,,
General-0-20240103-08:44:43-452618,config,,,*.host7.app[3].typename,UdpBasicApp,,
General-0-20240103-08:44:43-452618,config,,,*.host7.app[3].destAddresses,"""host9""",,
General-0-20240103-08:44:43-452618,config,,,*.host7.app[3].source.packetNameFormat,"""%M-%m-%c""",,
General-0-20240103-08:44:43-452618,config,,,*.host7.app[3].source.displayStringTextFormat,"""sent %p pk (%l)""",,
General-0-20240103-08:44:43-452618,config,,,*.host7.app[3].messageLength,21B,,
General-0-20240103-08:44:43-452618,config,,,*.host7.app[3].sendInterval,1ms,,
General-0-20240103-08:44:43-452618,config,,,*.host7.app[3].startTime,14ms,,
General-0-20240103-08:44:43-452618,config,,,*.host7.app[3].stopTime,16ms,,
General-0-20240103-08:44:43-452618,config,,,*.host7.app[3].display-name,type2_8,,
General-0-20240103-08:44:43-452618,config,,,*.host7.app[3].destPort,1001,,
General-0-20240103-08:44:43-452618,config,,,*.host7.app[4].typename,UdpBasicApp,,
General-0-20240103-08:44:43-452618,config,,,*.host7.app[4].destAddresses,"""host9""",,
General-0-20240103-08:44:43-452618,config,,,*.host7.app[4].source.packetNameFormat,"""%M-%m-%c""",,
General-0-20240103-08:44:43-452618,config,,,*.host7.app[4].source.displayStringTextFormat,"""sent %p pk (%l)""",,
General-0-20240103-08:44:43-452618,config,,,*.host7.app[4].messageLength,21B,,
General-0-20240103-08:44:43-452618,config,,,*.host7.app[4].sendInterval,1ms,,
General-0-20240103-08:44:43-452618,config,,,*.host7.app[4].startTime,30ms,,
General-0-20240103-08:44:43-452618,config,,,*.host7.app[4].stopTime,39ms,,
General-0-20240103-08:44:43-452618,config,,,*.host7.app[4].display-name,type2_8,,
General-0-20240103-08:44:43-452618,config,,,*.host7.app[4].destPort,1001,,
General-0-20240103-08:44:43-452618,config,,,*.host7.app[5].typename,UdpBasicApp,,
General-0-20240103-08:44:43-452618,config,,,*.host7.app[5].destAddresses,"""host9""",,
General-0-20240103-08:44:43-452618,config,,,*.host7.app[5].source.packetNameFormat,"""%M-%m-%c""",,
General-0-20240103-08:44:43-452618,config,,,*.host7.app[5].source.displayStringTextFormat,"""sent %p pk (%l)""",,
General-0-20240103-08:44:43-452618,config,,,*.host7.app[5].messageLength,21B,,
General-0-20240103-08:44:43-452618,config,,,*.host7.app[5].sendInterval,1ms,,
General-0-20240103-08:44:43-452618,config,,,*.host7.app[5].startTime,42ms,,
General-0-20240103-08:44:43-452618,config,,,*.host7.app[5].stopTime,46ms,,
General-0-20240103-08:44:43-452618,config,,,*.host7.app[5].display-name,type2_8,,
General-0-20240103-08:44:43-452618,config,,,*.host7.app[5].destPort,1001,,
General-0-20240103-08:44:43-452618,config,,,*.host7.app[6].typename,UdpBasicApp,,
General-0-20240103-08:44:43-452618,config,,,*.host7.app[6].destAddresses,"""host9""",,
General-0-20240103-08:44:43-452618,config,,,*.host7.app[6].source.packetNameFormat,"""%M-%m-%c""",,
General-0-20240103-08:44:43-452618,config,,,*.host7.app[6].source.displayStringTextFormat,"""sent %p pk (%l)""",,
General-0-20240103-08:44:43-452618,config,,,*.host7.app[6].messageLength,21B,,
General-0-20240103-08:44:43-452618,config,,,*.host7.app[6].sendInterval,1ms,,
General-0-20240103-08:44:43-452618,config,,,*.host7.app[6].startTime,59ms,,
General-0-20240103-08:44:43-452618,config,,,*.host7.app[6].stopTime,63ms,,
General-0-20240103-08:44:43-452618,config,,,*.host7.app[6].display-name,type2_8,,
General-0-20240103-08:44:43-452618,config,,,*.host7.app[6].destPort,1001,,
General-0-20240103-08:44:43-452618,config,,,*.host7.app[7].typename,UdpBasicApp,,
General-0-20240103-08:44:43-452618,config,,,*.host7.app[7].destAddresses,"""host9""",,
General-0-20240103-08:44:43-452618,config,,,*.host7.app[7].source.packetNameFormat,"""%M-%m-%c""",,
General-0-20240103-08:44:43-452618,config,,,*.host7.app[7].source.displayStringTextFormat,"""sent %p pk (%l)""",,
General-0-20240103-08:44:43-452618,config,,,*.host7.app[7].messageLength,21B,,
General-0-20240103-08:44:43-452618,config,,,*.host7.app[7].sendInterval,1ms,,
General-0-20240103-08:44:43-452618,config,,,*.host7.app[7].startTime,66ms,,
General-0-20240103-08:44:43-452618,config,,,*.host7.app[7].stopTime,69ms,,
General-0-20240103-08:44:43-452618,config,,,*.host7.app[7].display-name,type2_8,,
General-0-20240103-08:44:43-452618,config,,,*.host7.app[7].destPort,1001,,
General-0-20240103-08:44:43-452618,config,,,*.host7.app[8].typename,UdpBasicApp,,
General-0-20240103-08:44:43-452618,config,,,*.host7.app[8].destAddresses,"""host9""",,
General-0-20240103-08:44:43-452618,config,,,*.host7.app[8].source.packetNameFormat,"""%M-%m-%c""",,
General-0-20240103-08:44:43-452618,config,,,*.host7.app[8].source.displayStringTextFormat,"""sent %p pk (%l)""",,
General-0-20240103-08:44:43-452618,config,,,*.host7.app[8].messageLength,21B,,
General-0-20240103-08:44:43-452618,config,,,*.host7.app[8].sendInterval,1ms,,
General-0-20240103-08:44:43-452618,config,,,*.host7.app[8].startTime,78ms,,
General-0-20240103-08:44:43-452618,config,,,*.host7.app[8].stopTime,82ms,,
General-0-20240103-08:44:43-452618,config,,,*.host7.app[8].display-name,type2_8,,
General-0-20240103-08:44:43-452618,config,,,*.host7.app[8].destPort,1001,,
General-0-20240103-08:44:43-452618,config,,,*.host7.app[9].typename,UdpBasicApp,,
General-0-20240103-08:44:43-452618,config,,,*.host7.app[9].destAddresses,"""host9""",,
General-0-20240103-08:44:43-452618,config,,,*.host7.app[9].source.packetNameFormat,"""%M-%m-%c""",,
General-0-20240103-08:44:43-452618,config,,,*.host7.app[9].source.displayStringTextFormat,"""sent %p pk (%l)""",,
General-0-20240103-08:44:43-452618,config,,,*.host7.app[9].messageLength,21B,,
General-0-20240103-08:44:43-452618,config,,,*.host7.app[9].sendInterval,1ms,,
General-0-20240103-08:44:43-452618,config,,,*.host7.app[9].startTime,83ms,,
General-0-20240103-08:44:43-452618,config,,,*.host7.app[9].stopTime,85ms,,
General-0-20240103-08:44:43-452618,config,,,*.host7.app[9].display-name,type2_8,,
General-0-20240103-08:44:43-452618,config,,,*.host7.app[9].destPort,1001,,
General-0-20240103-08:44:43-452618,config,,,*.host7.app[10].typename,UdpBasicApp,,
General-0-20240103-08:44:43-452618,config,,,*.host7.app[10].destAddresses,"""host9""",,
General-0-20240103-08:44:43-452618,config,,,*.host7.app[10].source.packetNameFormat,"""%M-%m-%c""",,
General-0-20240103-08:44:43-452618,config,,,*.host7.app[10].source.displayStringTextFormat,"""sent %p pk (%l)""",,
General-0-20240103-08:44:43-452618,config,,,*.host7.app[10].messageLength,21B,,
General-0-20240103-08:44:43-452618,config,,,*.host7.app[10].sendInterval,1ms,,
General-0-20240103-08:44:43-452618,config,,,*.host7.app[10].startTime,96ms,,
General-0-20240103-08:44:43-452618,config,,,*.host7.app[10].stopTime,100ms,,
General-0-20240103-08:44:43-452618,config,,,*.host7.app[10].display-name,type2_8,,
General-0-20240103-08:44:43-452618,config,,,*.host7.app[10].destPort,1001,,
General-0-20240103-08:44:43-452618,config,,,*.host8.numApps,14,,
General-0-20240103-08:44:43-452618,config,,,*.host8.app[0].typename,UdpSinkApp,,
General-0-20240103-08:44:43-452618,config,,,*.host8.app[0].io.localPort,1000,,
General-0-20240103-08:44:43-452618,config,,,*.host8.app[1].typename,UdpBasicApp,,
General-0-20240103-08:44:43-452618,config,,,*.host8.app[1].destAddresses,"""host5""",,
General-0-20240103-08:44:43-452618,config,,,*.host8.app[1].source.packetNameFormat,"""%M-%m-%c""",,
General-0-20240103-08:44:43-452618,config,,,*.host8.app[1].source.displayStringTextFormat,"""sent %p pk (%l)""",,
General-0-20240103-08:44:43-452618,config,,,*.host8.app[1].messageLength,18B,,
General-0-20240103-08:44:43-452618,config,,,*.host8.app[1].sendInterval,1ms,,
General-0-20240103-08:44:43-452618,config,,,*.host8.app[1].startTime,4ms,,
General-0-20240103-08:44:43-452618,config,,,*.host8.app[1].stopTime,8ms,,
General-0-20240103-08:44:43-452618,config,,,*.host8.app[1].display-name,type2_9,,
General-0-20240103-08:44:43-452618,config,,,*.host8.app[1].destPort,1000,,
General-0-20240103-08:44:43-452618,config,,,*.host8.app[2].typename,UdpBasicApp,,
General-0-20240103-08:44:43-452618,config,,,*.host8.app[2].destAddresses,"""host5""",,
General-0-20240103-08:44:43-452618,config,,,*.host8.app[2].source.packetNameFormat,"""%M-%m-%c""",,
General-0-20240103-08:44:43-452618,config,,,*.host8.app[2].source.displayStringTextFormat,"""sent %p pk (%l)""",,
General-0-20240103-08:44:43-452618,config,,,*.host8.app[2].messageLength,18B,,
General-0-20240103-08:44:43-452618,config,,,*.host8.app[2].sendInterval,1ms,,
General-0-20240103-08:44:43-452618,config,,,*.host8.app[2].startTime,20ms,,
General-0-20240103-08:44:43-452618,config,,,*.host8.app[2].stopTime,21ms,,
General-0-20240103-08:44:43-452618,config,,,*.host8.app[2].display-name,type2_9,,
General-0-20240103-08:44:43-452618,config,,,*.host8.app[2].destPort,1000,,
General-0-20240103-08:44:43-452618,config,,,*.host8.app[3].typename,UdpBasicApp,,
General-0-20240103-08:44:43-452618,config,,,*.host8.app[3].destAddresses,"""host5""",,
General-0-20240103-08:44:43-452618,config,,,*.host8.app[3].source.packetNameFormat,"""%M-%m-%c""",,
General-0-20240103-08:44:43-452618,config,,,*.host8.app[3].source.displayStringTextFormat,"""sent %p pk (%l)""",,
General-0-20240103-08:44:43-452618,config,,,*.host8.app[3].messageLength,18B,,
General-0-20240103-08:44:43-452618,config,,,*.host8.app[3].sendInterval,1ms,,
General-0-20240103-08:44:43-452618,config,,,*.host8.app[3].startTime,32ms,,
General-0-20240103-08:44:43-452618,config,,,*.host8.app[3].stopTime,36ms,,
General-0-20240103-08:44:43-452618,config,,,*.host8.app[3].display-name,type2_9,,
General-0-20240103-08:44:43-452618,config,,,*.host8.app[3].destPort,1000,,
General-0-20240103-08:44:43-452618,config,,,*.host8.app[4].typename,UdpBasicApp,,
General-0-20240103-08:44:43-452618,config,,,*.host8.app[4].destAddresses,"""host5""",,
General-0-20240103-08:44:43-452618,config,,,*.host8.app[4].source.packetNameFormat,"""%M-%m-%c""",,
General-0-20240103-08:44:43-452618,config,,,*.host8.app[4].source.displayStringTextFormat,"""sent %p pk (%l)""",,
General-0-20240103-08:44:43-452618,config,,,*.host8.app[4].messageLength,18B,,
General-0-20240103-08:44:43-452618,config,,,*.host8.app[4].sendInterval,1ms,,
General-0-20240103-08:44:43-452618,config,,,*.host8.app[4].startTime,64ms,,
General-0-20240103-08:44:43-452618,config,,,*.host8.app[4].stopTime,82ms,,
General-0-20240103-08:44:43-452618,config,,,*.host8.app[4].display-name,type2_9,,
General-0-20240103-08:44:43-452618,config,,,*.host8.app[4].destPort,1000,,
General-0-20240103-08:44:43-452618,config,,,*.host8.app[5].typename,UdpBasicApp,,
General-0-20240103-08:44:43-452618,config,,,*.host8.app[5].destAddresses,"""host2""",,
General-0-20240103-08:44:43-452618,config,,,*.host8.app[5].source.packetNameFormat,"""%M-%m-%c""",,
General-0-20240103-08:44:43-452618,config,,,*.host8.app[5].source.displayStringTextFormat,"""sent %p pk (%l)""",,
General-0-20240103-08:44:43-452618,config,,,*.host8.app[5].messageLength,16B,,
General-0-20240103-08:44:43-452618,config,,,*.host8.app[5].sendInterval,1ms,,
General-0-20240103-08:44:43-452618,config,,,*.host8.app[5].startTime,3ms,,
General-0-20240103-08:44:43-452618,config,,,*.host8.app[5].stopTime,12ms,,
General-0-20240103-08:44:43-452618,config,,,*.host8.app[5].display-name,type2_10,,
General-0-20240103-08:44:43-452618,config,,,*.host8.app[5].destPort,1000,,
General-0-20240103-08:44:43-452618,config,,,*.host8.app[6].typename,UdpBasicApp,,
General-0-20240103-08:44:43-452618,config,,,*.host8.app[6].destAddresses,"""host2""",,
General-0-20240103-08:44:43-452618,config,,,*.host8.app[6].source.packetNameFormat,"""%M-%m-%c""",,
General-0-20240103-08:44:43-452618,config,,,*.host8.app[6].source.displayStringTextFormat,"""sent %p pk (%l)""",,
General-0-20240103-08:44:43-452618,config,,,*.host8.app[6].messageLength,16B,,
General-0-20240103-08:44:43-452618,config,,,*.host8.app[6].sendInterval,1ms,,
General-0-20240103-08:44:43-452618,config,,,*.host8.app[6].startTime,13ms,,
General-0-20240103-08:44:43-452618,config,,,*.host8.app[6].stopTime,20ms,,
General-0-20240103-08:44:43-452618,config,,,*.host8.app[6].display-name,type2_10,,
General-0-20240103-08:44:43-452618,config,,,*.host8.app[6].destPort,1000,,
General-0-20240103-08:44:43-452618,config,,,*.host8.app[7].typename,UdpBasicApp,,
General-0-20240103-08:44:43-452618,config,,,*.host8.app[7].destAddresses,"""host2""",,
General-0-20240103-08:44:43-452618,config,,,*.host8.app[7].source.packetNameFormat,"""%M-%m-%c""",,
General-0-20240103-08:44:43-452618,config,,,*.host8.app[7].source.displayStringTextFormat,"""sent %p pk (%l)""",,
General-0-20240103-08:44:43-452618,config,,,*.host8.app[7].messageLength,16B,,
General-0-20240103-08:44:43-452618,config,,,*.host8.app[7].sendInterval,1ms,,
General-0-20240103-08:44:43-452618,config,,,*.host8.app[7].startTime,22ms,,
General-0-20240103-08:44:43-452618,config,,,*.host8.app[7].stopTime,33ms,,
General-0-20240103-08:44:43-452618,config,,,*.host8.app[7].display-name,type2_10,,
General-0-20240103-08:44:43-452618,config,,,*.host8.app[7].destPort,1000,,
General-0-20240103-08:44:43-452618,config,,,*.host8.app[8].typename,UdpBasicApp,,
General-0-20240103-08:44:43-452618,config,,,*.host8.app[8].destAddresses,"""host2""",,
General-0-20240103-08:44:43-452618,config,,,*.host8.app[8].source.packetNameFormat,"""%M-%m-%c""",,
General-0-20240103-08:44:43-452618,config,,,*.host8.app[8].source.displayStringTextFormat,"""sent %p pk (%l)""",,
General-0-20240103-08:44:43-452618,config,,,*.host8.app[8].messageLength,16B,,
General-0-20240103-08:44:43-452618,config,,,*.host8.app[8].sendInterval,1ms,,
General-0-20240103-08:44:43-452618,config,,,*.host8.app[8].startTime,40ms,,
General-0-20240103-08:44:43-452618,config,,,*.host8.app[8].stopTime,46ms,,
General-0-20240103-08:44:43-452618,config,,,*.host8.app[8].display-name,type2_10,,
General-0-20240103-08:44:43-452618,config,,,*.host8.app[8].destPort,1000,,
General-0-20240103-08:44:43-452618,config,,,*.host8.app[9].typename,UdpBasicApp,,
General-0-20240103-08:44:43-452618,config,,,*.host8.app[9].destAddresses,"""host2""",,
General-0-20240103-08:44:43-452618,config,,,*.host8.app[9].source.packetNameFormat,"""%M-%m-%c""",,
General-0-20240103-08:44:43-452618,config,,,*.host8.app[9].source.displayStringTextFormat,"""sent %p pk (%l)""",,
General-0-20240103-08:44:43-452618,config,,,*.host8.app[9].messageLength,16B,,
General-0-20240103-08:44:43-452618,config,,,*.host8.app[9].sendInterval,1ms,,
General-0-20240103-08:44:43-452618,config,,,*.host8.app[9].startTime,48ms,,
General-0-20240103-08:44:43-452618,config,,,*.host8.app[9].stopTime,51ms,,
General-0-20240103-08:44:43-452618,config,,,*.host8.app[9].display-name,type2_10,,
General-0-20240103-08:44:43-452618,config,,,*.host8.app[9].destPort,1000,,
General-0-20240103-08:44:43-452618,config,,,*.host8.app[10].typename,UdpBasicApp,,
General-0-20240103-08:44:43-452618,config,,,*.host8.app[10].destAddresses,"""host2""",,
General-0-20240103-08:44:43-452618,config,,,*.host8.app[10].source.packetNameFormat,"""%M-%m-%c""",,
General-0-20240103-08:44:43-452618,config,,,*.host8.app[10].source.displayStringTextFormat,"""sent %p pk (%l)""",,
General-0-20240103-08:44:43-452618,config,,,*.host8.app[10].messageLength,16B,,
General-0-20240103-08:44:43-452618,config,,,*.host8.app[10].sendInterval,1ms,,
General-0-20240103-08:44:43-452618,config,,,*.host8.app[10].startTime,56ms,,
General-0-20240103-08:44:43-452618,config,,,*.host8.app[10].stopTime,58ms,,
General-0-20240103-08:44:43-452618,config,,,*.host8.app[10].display-name,type2_10,,
General-0-20240103-08:44:43-452618,config,,,*.host8.app[10].destPort,1000,,
General-0-20240103-08:44:43-452618,config,,,*.host8.app[11].typename,UdpBasicApp,,
General-0-20240103-08:44:43-452618,config,,,*.host8.app[11].destAddresses,"""host2""",,
General-0-20240103-08:44:43-452618,config,,,*.host8.app[11].source.packetNameFormat,"""%M-%m-%c""",,
General-0-20240103-08:44:43-452618,config,,,*.host8.app[11].source.displayStringTextFormat,"""sent %p pk (%l)""",,
General-0-20240103-08:44:43-452618,config,,,*.host8.app[11].messageLength,16B,,
General-0-20240103-08:44:43-452618,config,,,*.host8.app[11].sendInterval,1ms,,
General-0-20240103-08:44:43-452618,config,,,*.host8.app[11].startTime,62ms,,
General-0-20240103-08:44:43-452618,config,,,*.host8.app[11].stopTime,69ms,,
General-0-20240103-08:44:43-452618,config,,,*.host8.app[11].display-name,type2_10,,
General-0-20240103-08:44:43-452618,config,,,*.host8.app[11].destPort,1000,,
General-0-20240103-08:44:43-452618,config,,,*.host8.app[12].typename,UdpBasicApp,,
General-0-20240103-08:44:43-452618,config,,,*.host8.app[12].destAddresses,"""host2""",,
General-0-20240103-08:44:43-452618,config,,,*.host8.app[12].source.packetNameFormat,"""%M-%m-%c""",,
General-0-20240103-08:44:43-452618,config,,,*.host8.app[12].source.displayStringTextFormat,"""sent %p pk (%l)""",,
General-0-20240103-08:44:43-452618,config,,,*.host8.app[12].messageLength,16B,,
General-0-20240103-08:44:43-452618,config,,,*.host8.app[12].sendInterval,1ms,,
General-0-20240103-08:44:43-452618,config,,,*.host8.app[12].startTime,70ms,,
General-0-20240103-08:44:43-452618,config,,,*.host8.app[12].stopTime,75ms,,
General-0-20240103-08:44:43-452618,config,,,*.host8.app[12].display-name,type2_10,,
General-0-20240103-08:44:43-452618,config,,,*.host8.app[12].destPort,1000,,
General-0-20240103-08:44:43-452618,config,,,*.host8.app[13].typename,UdpBasicApp,,
General-0-20240103-08:44:43-452618,config,,,*.host8.app[13].destAddresses,"""host2""",,
General-0-20240103-08:44:43-452618,config,,,*.host8.app[13].source.packetNameFormat,"""%M-%m-%c""",,
General-0-20240103-08:44:43-452618,config,,,*.host8.app[13].source.displayStringTextFormat,"""sent %p pk (%l)""",,
General-0-20240103-08:44:43-452618,config,,,*.host8.app[13].messageLength,16B,,
General-0-20240103-08:44:43-452618,config,,,*.host8.app[13].sendInterval,1ms,,
General-0-20240103-08:44:43-452618,config,,,*.host8.app[13].startTime,82ms,,
General-0-20240103-08:44:43-452618,config,,,*.host8.app[13].stopTime,100ms,,
General-0-20240103-08:44:43-452618,config,,,*.host8.app[13].display-name,type2_10,,
General-0-20240103-08:44:43-452618,config,,,*.host8.app[13].destPort,1000,,
General-0-20240103-08:44:43-452618,config,,,*.host9.numApps,2,,
General-0-20240103-08:44:43-452618,config,,,*.host9.app[0].typename,UdpSinkApp,,
General-0-20240103-08:44:43-452618,config,,,*.host9.app[0].io.localPort,1000,,
General-0-20240103-08:44:43-452618,config,,,*.host9.app[1].typename,UdpSinkApp,,
General-0-20240103-08:44:43-452618,config,,,*.host9.app[1].io.localPort,1001,,
General-0-20240103-08:44:43-452618,config,,,*.streamRedundancyConfigurator.configuration,"[
	{
		name: ""S1-0"",
		packetFilter: ""*-type1_0-*"",
		source: ""host1"",
		destination: ""host0"",
		trees: [[[""host1"", ""switch1"", ""switch0"", ""host0""]]]
	},
	{
		name: ""S1-1"",
		packetFilter: ""*-type1_1-*"",
		source: ""host2"",
		destination: ""host1"",
		trees: [[[""host2"", ""switch2"", ""switch4"", ""switch5"", ""switch1"", ""host1""]]]
	},
	{
		name: ""S1-2"",
		packetFilter: ""*-type1_2-*"",
		source: ""host0"",
		destination: ""host3"",
		trees: [[[""host0"", ""switch0"", ""switch3"", ""host3""]]]
	},
	{
		name: ""S2-0"",
		packetFilter: ""*-type2_0-*"",
		source: ""host2"",
		destination: ""host6"",
		trees: [[[""host2"", ""switch2"", ""switch4"", ""switch5"", ""switch6"", ""host6""]]]
	},
	{
		name: ""S2-1"",
		packetFilter: ""*-type2_1-*"",
		source: ""host0"",
		destination: ""host3"",
		trees: [[[""host0"", ""switch0"", ""switch3"", ""host3""]]]
	},
	{
		name: ""S2-2"",
		packetFilter: ""*-type2_2-*"",
		source: ""host4"",
		destination: ""host8"",
		trees: [[[""host4"", ""switch4"", ""switch5"", ""switch6"", ""switch8"", ""host8""]]]
	},
	{
		name: ""S2-3"",
		packetFilter: ""*-type2_3-*"",
		source: ""host2"",
		destination: ""host7"",
		trees: [[[""host2"", ""switch2"", ""switch7"", ""host7""]]]
	},
	{
		name: ""S2-4"",
		packetFilter: ""*-type2_4-*"",
		source: ""host0"",
		destination: ""host9"",
		trees: [[[""host0"", ""switch0"", ""switch3"", ""switch1"", ""switch6"", ""switch9"", ""host9""]]]
	},
	{
		name: ""S2-5"",
		packetFilter: ""*-type2_5-*"",
		source: ""host1"",
		destination: ""host6"",
		trees: [[[""host1"", ""switch1"", ""switch6"", ""host6""]]]
	},
	{
		name: ""S2-6"",
		packetFilter: ""*-type2_6-*"",
		source: ""host1"",
		destination: ""host7"",
		trees: [[[""host1"",
	 ""switch1"",
	 ""switch6"",
	 ""switch9"",
	 ""switch5"",
	 ""switch2"",
	 ""switch7"",
	 ""host7""]]]
	},
	{
		name: ""S2-7"",
		packetFilter: ""*-type2_7-*"",
		source: ""host2"",
		destination: ""host0"",
		trees: [[[""host2"", ""switch2"", ""switch7"", ""switch0"", ""host0""]]]
	},
	{
		name: ""S2-8"",
		packetFilter: ""*-type2_8-*"",
		source: ""host7"",
		destination: ""host9"",
		trees: [[[""host7"",
	 ""switch7"",
	 ""switch0"",
	 ""switch3"",
	 ""switch1"",
	 ""switch6"",
	 ""switch9"",
	 ""host9""]]]
	},
	{
		name: ""S2-9"",
		packetFilter: ""*-type2_9-*"",
		source: ""host8"",
		destination: ""host5"",
		trees: [[[""host8"", ""switch8"", ""switch2"", ""switch4"", ""switch5"", ""host5""]]]
	},
	{
		name: ""S2-10"",
		packetFilter: ""*-type2_10-*"",
		source: ""host8"",
		destination: ""host2"",
		trees: [[[""host8"", ""switch8"", ""switch2"", ""host2""]]]
	},
	{
		name: ""S2-11"",
		packetFilter: ""*-type2_11-*"",
		source: ""host3"",
		destination: ""host1"",
		trees: [[[""host3"", ""switch3"", ""switch1"", ""host1""]]]
	}]",,
General-0-20240103-08:44:43-452618,vector,TSN_multipath.host6.app[1].sink,meanBitLifeTimePerPacket:vector,,,"0.000002307091 0.001001603091 0.002001603091 0.003001603091 0.004002299091 0.005002299091 0.006002299091 0.010001603091 0.011001603091 0.012001603091 0.013001603091 0.014001603091 0.015001603091 0.016001603091 0.017001603091 0.018001603091 0.019001603091 0.020001603091 0.021001603091 0.022002299091 0.025001603091 0.026001603091 0.027001603091 0.028001603091 0.029001603091 0.030001603091 0.031001603091 0.032001603091 0.033001603091 0.034001603091 0.035001603091 0.036001603091 0.037001603091 0.042001603091 0.043001603091 0.059001603091 0.060001603091 0.061001603091 0.073001603091 0.074001603091 0.075001603091 0.079001603091 0.080001603091 0.081001603091 0.082001603091 0.083001603091 0.084001603091 0.086001603091 0.087001603091 0.088001603091 0.089002299091 0.094001603091 0.095001603091 0.096001603091 0.097001603091 0.098001603091","2.307091e-06 1.603091e-06 1.603091e-06 1.603091e-06 2.299091e-06 2.299091e-06 2.299091e-06 1.603091e-06 1.603091e-06 1.603091e-06 1.603091e-06 1.603091e-06 1.603091e-06 1.603091e-06 1.603091e-06 1.603091e-06 1.603091e-06 1.603091e-06 1.603091e-06 2.299091e-06 1.603091e-06 1.603091e-06 1.603091e-06 1.603091e-06 1.603091e-06 1.603091e-06 1.603091e-06 1.603091e-06 1.603091e-06 1.603091e-06 1.603091e-06 1.603091e-06 1.603091e-06 1.603091e-06 1.603091e-06 1.603091e-06 1.603091e-06 1.603091e-06 1.603091e-06 1.603091e-06 1.603091e-06 1.603091e-06 1.603091e-06 1.603091e-06 1.603091e-06 1.603091e-06 1.603091e-06 1.603091e-06 1.603091e-06 1.603091e-06 2.299091e-06 1.603091e-06 1.603091e-06 1.603091e-06 1.603091e-06 1.603091e-06"
General-0-20240103-08:44:43-452618,attr,TSN_multipath.host6.app[1].sink,meanBitLifeTimePerPacket:vector,interpolationmode,none,,
General-0-20240103-08:44:43-452618,attr,TSN_multipath.host6.app[1].sink,meanBitLifeTimePerPacket:vector,recordingmode,vector,,
General-0-20240103-08:44:43-452618,attr,TSN_multipath.host6.app[1].sink,meanBitLifeTimePerPacket:vector,source,weightedMeanPerGroup(groupRegionsPerPacket(lifeTimePerRegion(packetPushed))),,
General-0-20240103-08:44:43-452618,attr,TSN_multipath.host6.app[1].sink,meanBitLifeTimePerPacket:vector,title,mean bit life time per packet,,
General-0-20240103-08:44:43-452618,attr,TSN_multipath.host6.app[1].sink,meanBitLifeTimePerPacket:vector,unit,s,,
General-0-20240103-08:44:43-452618,vector,TSN_multipath.host3.app[0].sink,meanBitLifeTimePerPacket:vector,,,"0.000001727739 0.001001727739 0.002001727739 0.003001727739 0.004001727739 0.005001727739 0.006001727739 0.007001727739 0.008001727739 0.009001727739 0.010001727739 0.011001727739 0.012002431739 0.013002431739 0.014002460919 0.015001727739 0.016001727739 0.017002423739 0.018002423739 0.019001727739 0.020003127739 0.021003127739 0.022003127739 0.023003127739 0.024003127739 0.025003127739 0.026003127739 0.027003127739 0.028003127739 0.029003127739 0.030003127739 0.031003127739 0.032002460919 0.033002460919 0.034001727739 0.035001727739 0.036001727739 0.037002460919 0.038002460919 0.039002423739 0.040002423739 0.041002423739 0.042002460919 0.043002460919 0.044002460919 0.045002460919 0.046003127739 0.047003127739 0.048003127739 0.049003127739 0.050003127739 0.051003127739 0.052003127739 0.053002431739 0.054002431739 0.055002431739 0.056002431739 0.057002431739 0.058002431739 0.059002460919 0.060002460919 0.061002460919 0.062003127739 0.063003127739 0.064003127739 0.065003127739 0.066002460919 0.067002460919 0.068002460919 0.069002431739 0.070003127739 0.071003127739 0.072003127739 0.073002431739 0.074002431739 0.075002431739 0.076003127739 0.077002431739 0.078003127739 0.079003127739 0.080003127739 0.081003127739 0.082003127739 0.083003127739 0.084003127739 0.085003127739 0.086003127739 0.087003127739 0.088003127739 0.089003127739 0.090003127739 0.091003127739 0.092003127739 0.093003127739 0.094003127739 0.095003127739 0.096002460919 0.097003127739 0.098003127739","1.727739e-06 1.727739e-06 1.727739e-06 1.727739e-06 1.727739e-06 1.727739e-06 1.727739e-06 1.727739e-06 1.727739e-06 1.727739e-06 1.727739e-06 1.727739e-06 2.431739e-06 2.431739e-06 2.460919e-06 1.727739e-06 1.727739e-06 2.423739e-06 2.423739e-06 1.727739e-06 3.127739e-06 3.127739e-06 3.127739e-06 3.127739e-06 3.127739e-06 3.127739e-06 3.127739e-06 3.127739e-06 3.127739e-06 3.127739e-06 3.127739e-06 3.127739e-06 2.460919e-06 2.460919e-06 1.727739e-06 1.727739e-06 1.727739e-06 2.460919e-06 2.460919e-06 2.423739e-06 2.423739e-06 2.423739e-06 2.460919e-06 2.460919e-06 2.460919e-06 2.460919e-06 3.127739e-06 3.127739e-06 3.127739e-06 3.127739e-06 3.127739e-06 3.127739e-06 3.127739e-06 2.431739e-06 2.431739e-06 2.431739e-06 2.431739e-06 2.431739e-06 2.431739e-06 2.460919e-06 2.460919e-06 2.460919e-06 3.127739e-06 3.127739e-06 3.127739e-06 3.127739e-06 2.460919e-06 2.460919e-06 2.460919e-06 2.431739e-06 3.127739e-06 3.127739e-06 3.127739e-06 2.431739e-06 2.431739e-06 2.431739e-06 3.127739e-06 2.431739e-06 3.127739e-06 3.127739e-06 3.127739e-06 3.127739e-06 3.127739e-06 3.127739e-06 3.127739e-06 3.127739e-06 3.127739e-06 3.127739e-06 3.127739e-06 3.127739e-06 3.127739e-06 3.127739e-06 3.127739e-06 3.127739e-06 3.127739e-06 3.127739e-06 2.460919e-06 3.127739e-06 3.127739e-06"
General-0-20240103-08:44:43-452618,attr,TSN_multipath.host3.app[0].sink,meanBitLifeTimePerPacket:vector,interpolationmode,none,,
General-0-20240103-08:44:43-452618,attr,TSN_multipath.host3.app[0].sink,meanBitLifeTimePerPacket:vector,recordingmode,vector,,
General-0-20240103-08:44:43-452618,attr,TSN_multipath.host3.app[0].sink,meanBitLifeTimePerPacket:vector,source,weightedMeanPerGroup(groupRegionsPerPacket(lifeTimePerRegion(packetPushed))),,
General-0-20240103-08:44:43-452618,attr,TSN_multipath.host3.app[0].sink,meanBitLifeTimePerPacket:vector,title,mean bit life time per packet,,
General-0-20240103-08:44:43-452618,attr,TSN_multipath.host3.app[0].sink,meanBitLifeTimePerPacket:vector,unit,s,,
General-0-20240103-08:44:43-452618,vector,TSN_multipath.host8.app[0].sink,meanBitLifeTimePerPacket:vector,,,"0.000002431818 0.001002431818 0.002002431818 0.003002431818 0.004002431818 0.005002275077 0.013002275077 0.014002275077 0.015002275077 0.016002275077 0.017002275077 0.026002275077 0.027002275077 0.032002275077 0.033002275077 0.034002275077 0.035002275077 0.036002275077 0.037002275077 0.038002275077 0.039002275077 0.040002275077 0.041002275077 0.042002275077 0.043002275077 0.044002275077 0.045002275077 0.046002275077 0.047002275077 0.048002275077 0.049002275077 0.050002275077 0.051002275077 0.052002275077 0.053002275077 0.054002275077 0.055002275077 0.056002275077 0.057002275077 0.058002275077 0.059002275077 0.060002275077 0.061002275077 0.062002275077 0.063002275077 0.071002275077 0.072002275077 0.073002275077 0.074002275077 0.075002275077 0.076002275077 0.077002275077 0.078002275077 0.079002275077 0.080002275077 0.081002275077 0.082002275077 0.083002275077 0.084002275077 0.085002275077 0.086002275077 0.087002275077 0.088002275077 0.089002275077 0.090002275077 0.091002275077 0.092002275077 0.093002275077 0.094002275077 0.095002275077 0.096002275077 0.098002275077","2.431818e-06 2.431818e-06 2.431818e-06 2.431818e-06 2.431818e-06 2.275077e-06 2.275077e-06 2.275077e-06 2.275077e-06 2.275077e-06 2.275077e-06 2.275077e-06 2.275077e-06 2.275077e-06 2.275077e-06 2.275077e-06 2.275077e-06 2.275077e-06 2.275077e-06 2.275077e-06 2.275077e-06 2.275077e-06 2.275077e-06 2.275077e-06 2.275077e-06 2.275077e-06 2.275077e-06 2.275077e-06 2.275077e-06 2.275077e-06 2.275077e-06 2.275077e-06 2.275077e-06 2.275077e-06 2.275077e-06 2.275077e-06 2.275077e-06 2.275077e-06 2.275077e-06 2.275077e-06 2.275077e-06 2.275077e-06 2.275077e-06 2.275077e-06 2.275077e-06 2.275077e-06 2.275077e-06 2.275077e-06 2.275077e-06 2.275077e-06 2.275077e-06 2.275077e-06 2.275077e-06 2.275077e-06 2.275077e-06 2.275077e-06 2.275077e-06 2.275077e-06 2.275077e-06 2.275077e-06 2.275077e-06 2.275077e-06 2.275077e-06 2.275077e-06 2.275077e-06 2.275077e-06 2.275077e-06 2.275077e-06 2.275077e-06 2.275077e-06 2.275077e-06 2.275077e-06"
General-0-20240103-08:44:43-452618,attr,TSN_multipath.host8.app[0].sink,meanBitLifeTimePerPacket:vector,interpolationmode,none,,
General-0-20240103-08:44:43-452618,attr,TSN_multipath.host8.app[0].sink,meanBitLifeTimePerPacket:vector,recordingmode,vector,,
General-0-20240103-08:44:43-452618,attr,TSN_multipath.host8.app[0].sink,meanBitLifeTimePerPacket:vector,source,weightedMeanPerGroup(groupRegionsPerPacket(lifeTimePerRegion(packetPushed))),,
General-0-20240103-08:44:43-452618,attr,TSN_multipath.host8.app[0].sink,meanBitLifeTimePerPacket:vector,title,mean bit life time per packet,,
General-0-20240103-08:44:43-452618,attr,TSN_multipath.host8.app[0].sink,meanBitLifeTimePerPacket:vector,unit,s,,
General-0-20240103-08:44:43-452618,vector,TSN_multipath.host0.app[0].sink,meanBitLifeTimePerPacket:vector,,,"0.000001800286 0.001002488286 0.002002488286 0.003002488286 0.004003630506 0.005003184286 0.006003184286 0.007002496286 0.008002496286 0.009002496286 0.010003184286 0.011003184286 0.012002488286 0.013002748348 0.014002748348 0.015002748348 0.016002910506 0.017002910506 0.018002910506 0.019002910506 0.020002910506 0.021002910506 0.022003444348 0.023002910506 0.024002910506 0.025003444348 0.026003630506 0.027003630506 0.028003630506 0.029003444348 0.030003444348 0.031003444348 0.032003444348 0.033003444348 0.034003444348 0.035003444348 0.036003444348 0.037003444348 0.038002756348 0.039002910506 0.040002910506 0.041002756348 0.042002748348 0.043002748348 0.044002060348 0.045002060348 0.046002756348 0.047002756348 0.048002756348 0.049002756348 0.050002756348 0.051002756348 0.052002756348 0.053002756348 0.054002910506 0.055002910506 0.056002910506 0.057002910506 0.058002910506 0.059003582506 0.060003444348 0.061003444348 0.062002938571 0.063002756348 0.064002756348 0.065002756348 0.066002756348 0.067002756348 0.068002938571 0.069002060348 0.070002060348 0.071002060348 0.072002060348 0.073002748348 0.074002748348 0.075002748348 0.076002060348 0.077002060348 0.078002060348 0.079002748348 0.080002748348 0.081002748348 0.082002748348 0.083002748348 0.084002748348 0.085002060348 0.086002910506 0.087002910506 0.088002748348 0.089003630506 0.090002756348 0.091002756348 0.092002756348 0.093002910506 0.094003444348 0.095002910506 0.096002748348 0.097002748348 0.098002938571","1.800286e-06 2.488286e-06 2.488286e-06 2.488286e-06 3.630506e-06 3.184286e-06 3.184286e-06 2.496286e-06 2.496286e-06 2.496286e-06 3.184286e-06 3.184286e-06 2.488286e-06 2.748348e-06 2.748348e-06 2.748348e-06 2.910506e-06 2.910506e-06 2.910506e-06 2.910506e-06 2.910506e-06 2.910506e-06 3.444348e-06 2.910506e-06 2.910506e-06 3.444348e-06 3.630506e-06 3.630506e-06 3.630506e-06 3.444348e-06 3.444348e-06 3.444348e-06 3.444348e-06 3.444348e-06 3.444348e-06 3.444348e-06 3.444348e-06 3.444348e-06 2.756348e-06 2.910506e-06 2.910506e-06 2.756348e-06 2.748348e-06 2.748348e-06 2.060348e-06 2.060348e-06 2.756348e-06 2.756348e-06 2.756348e-06 2.756348e-06 2.756348e-06 2.756348e-06 2.756348e-06 2.756348e-06 2.910506e-06 2.910506e-06 2.910506e-06 2.910506e-06 2.910506e-06 3.582506e-06 3.444348e-06 3.444348e-06 2.938571e-06 2.756348e-06 2.756348e-06 2.756348e-06 2.756348e-06 2.756348e-06 2.938571e-06 2.060348e-06 2.060348e-06 2.060348e-06 2.060348e-06 2.748348e-06 2.748348e-06 2.748348e-06 2.060348e-06 2.060348e-06 2.060348e-06 2.748348e-06 2.748348e-06 2.748348e-06 2.748348e-06 2.748348e-06 2.748348e-06 2.060348e-06 2.910506e-06 2.910506e-06 2.748348e-06 3.630506e-06 2.756348e-06 2.756348e-06 2.756348e-06 2.910506e-06 3.444348e-06 2.910506e-06 2.748348e-06 2.748348e-06 2.938571e-06"
General-0-20240103-08:44:43-452618,attr,TSN_multipath.host0.app[0].sink,meanBitLifeTimePerPacket:vector,interpolationmode,none,,
General-0-20240103-08:44:43-452618,attr,TSN_multipath.host0.app[0].sink,meanBitLifeTimePerPacket:vector,recordingmode,vector,,
General-0-20240103-08:44:43-452618,attr,TSN_multipath.host0.app[0].sink,meanBitLifeTimePerPacket:vector,source,weightedMeanPerGroup(groupRegionsPerPacket(lifeTimePerRegion(packetPushed))),,
General-0-20240103-08:44:43-452618,attr,TSN_multipath.host0.app[0].sink,meanBitLifeTimePerPacket:vector,title,mean bit life time per packet,,
General-0-20240103-08:44:43-452618,attr,TSN_multipath.host0.app[0].sink,meanBitLifeTimePerPacket:vector,unit,s,,
General-0-20240103-08:44:43-452618,vector,TSN_multipath.host1.app[1].sink,meanBitLifeTimePerPacket:vector,,,"0.000002903538 0.001004295538 0.002004295538 0.003004295538 0.004004586349 0.005005258349 0.006004586349 0.007004586349 0.008004586349 0.009004586349 0.010004586349 0.011004586349 0.012004586349 0.013004586349 0.014003914349 0.015004586349 0.016005258349 0.017005258349 0.018005258349 0.019004538349 0.020004538349 0.021003866349 0.022003866349 0.023003866349 0.024003866349 0.025003866349 0.026004586349 0.027004586349 0.028004586349 0.029003914349 0.030003914349 0.031003914349 0.032003914349 0.033003914349 0.034003914349 0.035003914349 0.036004586349 0.037003866349 0.038004586349 0.039003866349 0.040003866349 0.041004586349 0.042003866349 0.043003866349 0.044004538349 0.045003866349 0.046003866349 0.047003194349 0.048003194349 0.049003194349 0.050004586349 0.051004586349 0.052004586349 0.053003914349 0.054004586349 0.055004586349 0.056004586349 0.057004586349 0.058004586349 0.059005258349 0.060004586349 0.061004586349 0.062004586349 0.063004538349 0.064004538349 0.065004538349 0.066004538349 0.067004538349 0.068003866349 0.069003866349 0.070003866349 0.071003866349 0.072003194349 0.073003194349 0.074003866349 0.075003866349 0.076003866349 0.077003194349 0.078004538349 0.079004538349 0.080003866349 0.081003866349 0.082003194349 0.083003194349 0.084003194349 0.085003194349 0.086003866349 0.087003866349 0.088004586349 0.089004586349 0.090004586349 0.091004586349 0.092004586349 0.093003866349 0.094003866349 0.095003866349 0.096004586349 0.097003914349 0.098004586349","2.903538e-06 4.295538e-06 4.295538e-06 4.295538e-06 4.586349e-06 5.258349e-06 4.586349e-06 4.586349e-06 4.586349e-06 4.586349e-06 4.586349e-06 4.586349e-06 4.586349e-06 4.586349e-06 3.914349e-06 4.586349e-06 5.258349e-06 5.258349e-06 5.258349e-06 4.538349e-06 4.538349e-06 3.866349e-06 3.866349e-06 3.866349e-06 3.866349e-06 3.866349e-06 4.586349e-06 4.586349e-06 4.586349e-06 3.914349e-06 3.914349e-06 3.914349e-06 3.914349e-06 3.914349e-06 3.914349e-06 3.914349e-06 4.586349e-06 3.866349e-06 4.586349e-06 3.866349e-06 3.866349e-06 4.586349e-06 3.866349e-06 3.866349e-06 4.538349e-06 3.866349e-06 3.866349e-06 3.194349e-06 3.194349e-06 3.194349e-06 4.586349e-06 4.586349e-06 4.586349e-06 3.914349e-06 4.586349e-06 4.586349e-06 4.586349e-06 4.586349e-06 4.586349e-06 5.258349e-06 4.586349e-06 4.586349e-06 4.586349e-06 4.538349e-06 4.538349e-06 4.538349e-06 4.538349e-06 4.538349e-06 3.866349e-06 3.866349e-06 3.866349e-06 3.866349e-06 3.194349e-06 3.194349e-06 3.866349e-06 3.866349e-06 3.866349e-06 3.194349e-06 4.538349e-06 4.538349e-06 3.866349e-06 3.866349e-06 3.194349e-06 3.194349e-06 3.194349e-06 3.194349e-06 3.866349e-06 3.866349e-06 4.586349e-06 4.586349e-06 4.586349e-06 4.586349e-06 4.586349e-06 3.866349e-06 3.866349e-06 3.866349e-06 4.586349e-06 3.914349e-06 4.586349e-06"
General-0-20240103-08:44:43-452618,attr,TSN_multipath.host1.app[1].sink,meanBitLifeTimePerPacket:vector,interpolationmode,none,,
General-0-20240103-08:44:43-452618,attr,TSN_multipath.host1.app[1].sink,meanBitLifeTimePerPacket:vector,recordingmode,vector,,
General-0-20240103-08:44:43-452618,attr,TSN_multipath.host1.app[1].sink,meanBitLifeTimePerPacket:vector,source,weightedMeanPerGroup(groupRegionsPerPacket(lifeTimePerRegion(packetPushed))),,
General-0-20240103-08:44:43-452618,attr,TSN_multipath.host1.app[1].sink,meanBitLifeTimePerPacket:vector,title,mean bit life time per packet,,
General-0-20240103-08:44:43-452618,attr,TSN_multipath.host1.app[1].sink,meanBitLifeTimePerPacket:vector,unit,s,,
General-0-20240103-08:44:43-452618,vector,TSN_multipath.host7.app[0].sink,meanBitLifeTimePerPacket:vector,,,"0.001001878 0.002001878 0.003001878 0.004001878 0.00500255 0.00600255 0.00700255 0.00800255 0.00900255 0.01000255 0.01100255 0.01200255 0.01300255 0.014001878 0.01500255 0.016003222 0.017003222 0.018003222 0.026001878 0.027001878 0.028001878 0.029001878 0.030001878 0.031001878 0.032001878 0.033001878 0.034001878 0.035001878 0.03600255 0.038001878 0.041001878 0.050003234441 0.051003234441 0.052003234441 0.053001878 0.054003234441 0.055003234441 0.056003234441 0.057003234441 0.058003234441 0.059003222 0.06000255 0.06100255 0.062003234441 0.088001878 0.089001878 0.090001878 0.091001878 0.092001878 0.096001878 0.097001878 0.09800255","1.878e-06 1.878e-06 1.878e-06 1.878e-06 2.55e-06 2.55e-06 2.55e-06 2.55e-06 2.55e-06 2.55e-06 2.55e-06 2.55e-06 2.55e-06 1.878e-06 2.55e-06 3.222e-06 3.222e-06 3.222e-06 1.878e-06 1.878e-06 1.878e-06 1.878e-06 1.878e-06 1.878e-06 1.878e-06 1.878e-06 1.878e-06 1.878e-06 2.55e-06 1.878e-06 1.878e-06 3.234441e-06 3.234441e-06 3.234441e-06 1.878e-06 3.234441e-06 3.234441e-06 3.234441e-06 3.234441e-06 3.234441e-06 3.222e-06 2.55e-06 2.55e-06 3.234441e-06 1.878e-06 1.878e-06 1.878e-06 1.878e-06 1.878e-06 1.878e-06 1.878e-06 2.55e-06"
General-0-20240103-08:44:43-452618,attr,TSN_multipath.host7.app[0].sink,meanBitLifeTimePerPacket:vector,interpolationmode,none,,
General-0-20240103-08:44:43-452618,attr,TSN_multipath.host7.app[0].sink,meanBitLifeTimePerPacket:vector,recordingmode,vector,,
General-0-20240103-08:44:43-452618,attr,TSN_multipath.host7.app[0].sink,meanBitLifeTimePerPacket:vector,source,weightedMeanPerGroup(groupRegionsPerPacket(lifeTimePerRegion(packetPushed))),,
General-0-20240103-08:44:43-452618,attr,TSN_multipath.host7.app[0].sink,meanBitLifeTimePerPacket:vector,title,mean bit life time per packet,,
General-0-20240103-08:44:43-452618,attr,TSN_multipath.host7.app[0].sink,meanBitLifeTimePerPacket:vector,unit,s,,
General-0-20240103-08:44:43-452618,vector,TSN_multipath.host0.app[13].sink,meanBitLifeTimePerPacket:vector,,,"0.001003160286 0.002003160286 0.003003160286 0.004002926506 0.005003856286 0.016002206506 0.017002206506 0.018002206506 0.019002206506 0.020002206506 0.021002206506 0.022002206506 0.023002206506 0.024002206506 0.025002206506 0.026002926506 0.027002926506 0.028002926506 0.036002234571 0.037002234571 0.038003428348 0.039002206506 0.040002206506 0.041003428348 0.044002732348 0.054002206506 0.055002206506 0.056002206506 0.057002206506 0.058002206506 0.059002878506 0.060002234571 0.061002234571 0.062002234571 0.063003428348 0.064003428348 0.065003428348 0.066003428348 0.067003428348 0.068002234571 0.069002732348 0.070002732348 0.071002732348 0.078002878506 0.079003420348 0.086002206506 0.087002206506 0.088003420348 0.089002926506 0.090003428348 0.091003428348 0.092003428348 0.093002206506 0.094002206506 0.095002206506 0.096003420348 0.098002234571","3.160286e-06 3.160286e-06 3.160286e-06 2.926506e-06 3.856286e-06 2.206506e-06 2.206506e-06 2.206506e-06 2.206506e-06 2.206506e-06 2.206506e-06 2.206506e-06 2.206506e-06 2.206506e-06 2.206506e-06 2.926506e-06 2.926506e-06 2.926506e-06 2.234571e-06 2.234571e-06 3.428348e-06 2.206506e-06 2.206506e-06 3.428348e-06 2.732348e-06 2.206506e-06 2.206506e-06 2.206506e-06 2.206506e-06 2.206506e-06 2.878506e-06 2.234571e-06 2.234571e-06 2.234571e-06 3.428348e-06 3.428348e-06 3.428348e-06 3.428348e-06 3.428348e-06 2.234571e-06 2.732348e-06 2.732348e-06 2.732348e-06 2.878506e-06 3.420348e-06 2.206506e-06 2.206506e-06 3.420348e-06 2.926506e-06 3.428348e-06 3.428348e-06 3.428348e-06 2.206506e-06 2.206506e-06 2.206506e-06 3.420348e-06 2.234571e-06"
General-0-20240103-08:44:43-452618,attr,TSN_multipath.host0.app[13].sink,meanBitLifeTimePerPacket:vector,interpolationmode,none,,
General-0-20240103-08:44:43-452618,attr,TSN_multipath.host0.app[13].sink,meanBitLifeTimePerPacket:vector,recordingmode,vector,,
General-0-20240103-08:44:43-452618,attr,TSN_multipath.host0.app[13].sink,meanBitLifeTimePerPacket:vector,source,weightedMeanPerGroup(groupRegionsPerPacket(lifeTimePerRegion(packetPushed))),,
General-0-20240103-08:44:43-452618,attr,TSN_multipath.host0.app[13].sink,meanBitLifeTimePerPacket:vector,title,mean bit life time per packet,,
General-0-20240103-08:44:43-452618,attr,TSN_multipath.host0.app[13].sink,meanBitLifeTimePerPacket:vector,unit,s,,
General-0-20240103-08:44:43-452618,vector,TSN_multipath.host1.app[15].sink,meanBitLifeTimePerPacket:vector,,,"0.002001788 0.003001788 0.004001788 0.005001788 0.006001788 0.007001788 0.008001788 0.011001788 0.012001788 0.013001788 0.021001788 0.022001788 0.036001788 0.037001788 0.038001788 0.039001788 0.044001788 0.045001788 0.050001788 0.051001788 0.052001788 0.053001788 0.054001788 0.055001788 0.056001788 0.057001788 0.058001788 0.059001788 0.061001788 0.062001788 0.063001788 0.069001788 0.070001788 0.086001788 0.087001788 0.088001788 0.089001788 0.090001788 0.091001788 0.092001788 0.093001788 0.094001788 0.095001788 0.096001788 0.097001788 0.098001788","1.788e-06 1.788e-06 1.788e-06 1.788e-06 1.788e-06 1.788e-06 1.788e-06 1.788e-06 1.788e-06 1.788e-06 1.788e-06 1.788e-06 1.788e-06 1.788e-06 1.788e-06 1.788e-06 1.788e-06 1.788e-06 1.788e-06 1.788e-06 1.788e-06 1.788e-06 1.788e-06 1.788e-06 1.788e-06 1.788e-06 1.788e-06 1.788e-06 1.788e-06 1.788e-06 1.788e-06 1.788e-06 1.788e-06 1.788e-06 1.788e-06 1.788e-06 1.788e-06 1.788e-06 1.788e-06 1.788e-06 1.788e-06 1.788e-06 1.788e-06 1.788e-06 1.788e-06 1.788e-06"
General-0-20240103-08:44:43-452618,attr,TSN_multipath.host1.app[15].sink,meanBitLifeTimePerPacket:vector,interpolationmode,none,,
General-0-20240103-08:44:43-452618,attr,TSN_multipath.host1.app[15].sink,meanBitLifeTimePerPacket:vector,recordingmode,vector,,
General-0-20240103-08:44:43-452618,attr,TSN_multipath.host1.app[15].sink,meanBitLifeTimePerPacket:vector,source,weightedMeanPerGroup(groupRegionsPerPacket(lifeTimePerRegion(packetPushed))),,
General-0-20240103-08:44:43-452618,attr,TSN_multipath.host1.app[15].sink,meanBitLifeTimePerPacket:vector,title,mean bit life time per packet,,
General-0-20240103-08:44:43-452618,attr,TSN_multipath.host1.app[15].sink,meanBitLifeTimePerPacket:vector,unit,s,,
General-0-20240103-08:44:43-452618,vector,TSN_multipath.host2.app[24].sink,meanBitLifeTimePerPacket:vector,,,"0.003001782 0.004002454 0.005002454 0.006002454 0.007002454 0.008001782 0.009001782 0.010001782 0.011001782 0.013001782 0.014001782 0.015001782 0.016001782 0.017001782 0.018001782 0.019001782 0.022001782 0.023001782 0.024001782 0.025001782 0.026001782 0.027001782 0.028001782 0.029001782 0.030001782 0.031001782 0.032002454 0.040001782 0.041001782 0.042001782 0.043001782 0.044001782 0.045001782 0.048001782 0.049001782 0.050001782 0.056001782 0.057001782 0.062001782 0.063001782 0.064002454 0.065002454 0.066002454 0.067002454 0.068002454 0.070001782 0.071001782 0.072001782 0.073001782 0.074001782 0.082001782 0.083001782 0.084001782 0.085001782 0.086001782 0.087001782 0.088001782 0.089001782 0.090001782 0.091001782 0.092001782 0.093001782 0.094001782 0.095001782 0.096001782 0.097001782 0.098001782","1.782e-06 2.454e-06 2.454e-06 2.454e-06 2.454e-06 1.782e-06 1.782e-06 1.782e-06 1.782e-06 1.782e-06 1.782e-06 1.782e-06 1.782e-06 1.782e-06 1.782e-06 1.782e-06 1.782e-06 1.782e-06 1.782e-06 1.782e-06 1.782e-06 1.782e-06 1.782e-06 1.782e-06 1.782e-06 1.782e-06 2.454e-06 1.782e-06 1.782e-06 1.782e-06 1.782e-06 1.782e-06 1.782e-06 1.782e-06 1.782e-06 1.782e-06 1.782e-06 1.782e-06 1.782e-06 1.782e-06 2.454e-06 2.454e-06 2.454e-06 2.454e-06 2.454e-06 1.782e-06 1.782e-06 1.782e-06 1.782e-06 1.782e-06 1.782e-06 1.782e-06 1.782e-06 1.782e-06 1.782e-06 1.782e-06 1.782e-06 1.782e-06 1.782e-06 1.782e-06 1.782e-06 1.782e-06 1.782e-06 1.782e-06 1.782e-06 1.782e-06 1.782e-06"
General-0-20240103-08:44:43-452618,attr,TSN_multipath.host2.app[24].sink,meanBitLifeTimePerPacket:vector,interpolationmode,none,,
General-0-20240103-08:44:43-452618,attr,TSN_multipath.host2.app[24].sink,meanBitLifeTimePerPacket:vector,recordingmode,vector,,
General-0-20240103-08:44:43-452618,attr,TSN_multipath.host2.app[24].sink,meanBitLifeTimePerPacket:vector,source,weightedMeanPerGroup(groupRegionsPerPacket(lifeTimePerRegion(packetPushed))),,
General-0-20240103-08:44:43-452618,attr,TSN_multipath.host2.app[24].sink,meanBitLifeTimePerPacket:vector,title,mean bit life time per packet,,
General-0-20240103-08:44:43-452618,attr,TSN_multipath.host2.app[24].sink,meanBitLifeTimePerPacket:vector,unit,s,,
General-0-20240103-08:44:43-452618,vector,TSN_multipath.host5.app[0].sink,meanBitLifeTimePerPacket:vector,,,"0.004002613077 0.005002613077 0.006002613077 0.007002613077 0.020002613077 0.032002613077 0.033002613077 0.034002613077 0.035002613077 0.064002613077 0.065002613077 0.066002613077 0.067002613077 0.068002613077 0.069002613077 0.070003285077 0.071003285077 0.072003285077 0.073003285077 0.074003285077 0.075002613077 0.076002613077 0.077002613077 0.078002613077 0.079002613077 0.080002613077","2.613077e-06 2.613077e-06 2.613077e-06 2.613077e-06 2.613077e-06 2.613077e-06 2.613077e-06 2.613077e-06 2.613077e-06 2.613077e-06 2.613077e-06 2.613077e-06 2.613077e-06 2.613077e-06 2.613077e-06 3.285077e-06 3.285077e-06 3.285077e-06 3.285077e-06 3.285077e-06 2.613077e-06 2.613077e-06 2.613077e-06 2.613077e-06 2.613077e-06 2.613077e-06"
General-0-20240103-08:44:43-452618,attr,TSN_multipath.host5.app[0].sink,meanBitLifeTimePerPacket:vector,interpolationmode,none,,
General-0-20240103-08:44:43-452618,attr,TSN_multipath.host5.app[0].sink,meanBitLifeTimePerPacket:vector,recordingmode,vector,,
General-0-20240103-08:44:43-452618,attr,TSN_multipath.host5.app[0].sink,meanBitLifeTimePerPacket:vector,source,weightedMeanPerGroup(groupRegionsPerPacket(lifeTimePerRegion(packetPushed))),,
General-0-20240103-08:44:43-452618,attr,TSN_multipath.host5.app[0].sink,meanBitLifeTimePerPacket:vector,title,mean bit life time per packet,,
General-0-20240103-08:44:43-452618,attr,TSN_multipath.host5.app[0].sink,meanBitLifeTimePerPacket:vector,unit,s,,
General-0-20240103-08:44:43-452618,vector,TSN_multipath.host7.app[1].sink,meanBitLifeTimePerPacket:vector,,,"0.004003278312 0.005003696461 0.006003278312 0.007003278312 0.008003278312 0.009003278312 0.010003246 0.011003246 0.022002514441 0.023002514441 0.024002514441 0.025003202441 0.026003202441 0.027003202441 0.028003202441 0.029003202441 0.030003202441 0.031003202441 0.032003202441 0.033003202441 0.034003202441 0.035003202441 0.036003246 0.037003202441 0.038002574 0.039002514441 0.040002514441 0.041002574 0.046002514441 0.047002514441 0.048002514441 0.049002514441 0.050002514441 0.051002514441 0.052002514441 0.053002574 0.054002514441 0.055002514441 0.056002514441 0.057002514441 0.058002514441 0.059003918 0.060003246 0.061003246 0.062002514441 0.063002514441 0.064002514441 0.065002514441 0.066002514441 0.067002514441 0.068002514441 0.089002574 0.090002574 0.091002574 0.092002574 0.093002514441","3.278312e-06 3.696461e-06 3.278312e-06 3.278312e-06 3.278312e-06 3.278312e-06 3.246e-06 3.246e-06 2.514441e-06 2.514441e-06 2.514441e-06 3.202441e-06 3.202441e-06 3.202441e-06 3.202441e-06 3.202441e-06 3.202441e-06 3.202441e-06 3.202441e-06 3.202441e-06 3.202441e-06 3.202441e-06 3.246e-06 3.202441e-06 2.574e-06 2.514441e-06 2.514441e-06 2.574e-06 2.514441e-06 2.514441e-06 2.514441e-06 2.514441e-06 2.514441e-06 2.514441e-06 2.514441e-06 2.574e-06 2.514441e-06 2.514441e-06 2.514441e-06 2.514441e-06 2.514441e-06 3.918e-06 3.246e-06 3.246e-06 2.514441e-06 2.514441e-06 2.514441e-06 2.514441e-06 2.514441e-06 2.514441e-06 2.514441e-06 2.574e-06 2.574e-06 2.574e-06 2.574e-06 2.514441e-06"
General-0-20240103-08:44:43-452618,attr,TSN_multipath.host7.app[1].sink,meanBitLifeTimePerPacket:vector,interpolationmode,none,,
General-0-20240103-08:44:43-452618,attr,TSN_multipath.host7.app[1].sink,meanBitLifeTimePerPacket:vector,recordingmode,vector,,
General-0-20240103-08:44:43-452618,attr,TSN_multipath.host7.app[1].sink,meanBitLifeTimePerPacket:vector,source,weightedMeanPerGroup(groupRegionsPerPacket(lifeTimePerRegion(packetPushed))),,
General-0-20240103-08:44:43-452618,attr,TSN_multipath.host7.app[1].sink,meanBitLifeTimePerPacket:vector,title,mean bit life time per packet,,
General-0-20240103-08:44:43-452618,attr,TSN_multipath.host7.app[1].sink,meanBitLifeTimePerPacket:vector,unit,s,,
General-0-20240103-08:44:43-452618,vector,TSN_multipath.host6.app[0].sink,meanBitLifeTimePerPacket:vector,,,"0.005002971091 0.006002971091 0.007002394895 0.008002394895 0.009002394895 0.010002394895 0.011002394895 0.012002394895 0.013002394895 0.015002394895 0.016003066895 0.017003066895 0.018003066895 0.019003066895 0.020003441818 0.042002394895 0.043002394895 0.044003066895 0.045002394895 0.046002394895 0.050002394895 0.051002394895 0.052002394895 0.059002394895 0.063002394895 0.064002394895 0.065002394895 0.066002394895 0.067002394895 0.074002394895 0.075002394895 0.076002394895 0.078002394895 0.079002394895 0.080002394895","2.971091e-06 2.971091e-06 2.394895e-06 2.394895e-06 2.394895e-06 2.394895e-06 2.394895e-06 2.394895e-06 2.394895e-06 2.394895e-06 3.066895e-06 3.066895e-06 3.066895e-06 3.066895e-06 3.441818e-06 2.394895e-06 2.394895e-06 3.066895e-06 2.394895e-06 2.394895e-06 2.394895e-06 2.394895e-06 2.394895e-06 2.394895e-06 2.394895e-06 2.394895e-06 2.394895e-06 2.394895e-06 2.394895e-06 2.394895e-06 2.394895e-06 2.394895e-06 2.394895e-06 2.394895e-06 2.394895e-06"
General-0-20240103-08:44:43-452618,attr,TSN_multipath.host6.app[0].sink,meanBitLifeTimePerPacket:vector,interpolationmode,none,,
General-0-20240103-08:44:43-452618,attr,TSN_multipath.host6.app[0].sink,meanBitLifeTimePerPacket:vector,recordingmode,vector,,
General-0-20240103-08:44:43-452618,attr,TSN_multipath.host6.app[0].sink,meanBitLifeTimePerPacket:vector,source,weightedMeanPerGroup(groupRegionsPerPacket(lifeTimePerRegion(packetPushed))),,
General-0-20240103-08:44:43-452618,attr,TSN_multipath.host6.app[0].sink,meanBitLifeTimePerPacket:vector,title,mean bit life time per packet,,
General-0-20240103-08:44:43-452618,attr,TSN_multipath.host6.app[0].sink,meanBitLifeTimePerPacket:vector,unit,s,,
General-0-20240103-08:44:43-452618,vector,TSN_multipath.host9.app[0].sink,meanBitLifeTimePerPacket:vector,,,"0.012002926142 0.013002926142 0.01400277449 0.02000347049 0.02100347049 0.02200347049 0.02300347049 0.02400347049 0.02500347049 0.02600347049 0.02700347049 0.02800347049 0.02900347049 0.030003924501 0.031003924501 0.03200277449 0.03300277449 0.04600277449 0.04700277449 0.04800277449 0.04900277449 0.050002926142 0.051002926142 0.052002926142 0.053002926142 0.054002926142 0.055002926142 0.056002926142 0.057002926142 0.058002926142 0.059002926142 0.06000277449 0.061002926142 0.062003924501 0.06300347049 0.06400347049 0.06500347049 0.06600277449 0.06700277449 0.06800277449 0.069002926142 0.07000347049 0.07100347049 0.07200347049 0.07300277449 0.07400277449 0.07500277449 0.07600347049 0.07700277449 0.078003924501 0.079003924501 0.080003924501 0.081003924501 0.08200347049 0.083003924501 0.084003924501 0.08500347049 0.08600347049 0.08700347049 0.08800347049 0.08900347049 0.09000347049 0.09100347049 0.09200347049 0.09300347049 0.09400347049 0.09500347049 0.096002926142 0.097003924501 0.098003924501","2.926142e-06 2.926142e-06 2.77449e-06 3.47049e-06 3.47049e-06 3.47049e-06 3.47049e-06 3.47049e-06 3.47049e-06 3.47049e-06 3.47049e-06 3.47049e-06 3.47049e-06 3.924501e-06 3.924501e-06 2.77449e-06 2.77449e-06 2.77449e-06 2.77449e-06 2.77449e-06 2.77449e-06 2.926142e-06 2.926142e-06 2.926142e-06 2.926142e-06 2.926142e-06 2.926142e-06 2.926142e-06 2.926142e-06 2.926142e-06 2.926142e-06 2.77449e-06 2.926142e-06 3.924501e-06 3.47049e-06 3.47049e-06 3.47049e-06 2.77449e-06 2.77449e-06 2.77449e-06 2.926142e-06 3.47049e-06 3.47049e-06 3.47049e-06 2.77449e-06 2.77449e-06 2.77449e-06 3.47049e-06 2.77449e-06 3.924501e-06 3.924501e-06 3.924501e-06 3.924501e-06 3.47049e-06 3.924501e-06 3.924501e-06 3.47049e-06 3.47049e-06 3.47049e-06 3.47049e-06 3.47049e-06 3.47049e-06 3.47049e-06 3.47049e-06 3.47049e-06 3.47049e-06 3.47049e-06 2.926142e-06 3.924501e-06 3.924501e-06"
General-0-20240103-08:44:43-452618,attr,TSN_multipath.host9.app[0].sink,meanBitLifeTimePerPacket:vector,interpolationmode,none,,
General-0-20240103-08:44:43-452618,attr,TSN_multipath.host9.app[0].sink,meanBitLifeTimePerPacket:vector,recordingmode,vector,,
General-0-20240103-08:44:43-452618,attr,TSN_multipath.host9.app[0].sink,meanBitLifeTimePerPacket:vector,source,weightedMeanPerGroup(groupRegionsPerPacket(lifeTimePerRegion(packetPushed))),,
General-0-20240103-08:44:43-452618,attr,TSN_multipath.host9.app[0].sink,meanBitLifeTimePerPacket:vector,title,mean bit life time per packet,,
General-0-20240103-08:44:43-452618,attr,TSN_multipath.host9.app[0].sink,meanBitLifeTimePerPacket:vector,unit,s,,
General-0-20240103-08:44:43-452618,vector,TSN_multipath.host9.app[1].sink,meanBitLifeTimePerPacket:vector,,,"0.009003220501 0.01400347049 0.015003220501 0.030003220501 0.031003220501 0.03200347049 0.03300347049 0.034003220501 0.035003220501 0.036003220501 0.037003220501 0.038003220501 0.042003220501 0.043003220501 0.044003220501 0.045003220501 0.059003622142 0.06000347049 0.061003622142 0.062003220501 0.06600347049 0.06700347049 0.06800347049 0.078003220501 0.079003220501 0.080003220501 0.081003220501 0.083003220501 0.084003220501 0.096003622142 0.097003220501 0.098003220501","3.220501e-06 3.47049e-06 3.220501e-06 3.220501e-06 3.220501e-06 3.47049e-06 3.47049e-06 3.220501e-06 3.220501e-06 3.220501e-06 3.220501e-06 3.220501e-06 3.220501e-06 3.220501e-06 3.220501e-06 3.220501e-06 3.622142e-06 3.47049e-06 3.622142e-06 3.220501e-06 3.47049e-06 3.47049e-06 3.47049e-06 3.220501e-06 3.220501e-06 3.220501e-06 3.220501e-06 3.220501e-06 3.220501e-06 3.622142e-06 3.220501e-06 3.220501e-06"
General-0-20240103-08:44:43-452618,attr,TSN_multipath.host9.app[1].sink,meanBitLifeTimePerPacket:vector,interpolationmode,none,,
General-0-20240103-08:44:43-452618,attr,TSN_multipath.host9.app[1].sink,meanBitLifeTimePerPacket:vector,recordingmode,vector,,
General-0-20240103-08:44:43-452618,attr,TSN_multipath.host9.app[1].sink,meanBitLifeTimePerPacket:vector,source,weightedMeanPerGroup(groupRegionsPerPacket(lifeTimePerRegion(packetPushed))),,
General-0-20240103-08:44:43-452618,attr,TSN_multipath.host9.app[1].sink,meanBitLifeTimePerPacket:vector,title,mean bit life time per packet,,
General-0-20240103-08:44:43-452618,attr,TSN_multipath.host9.app[1].sink,meanBitLifeTimePerPacket:vector,unit,s,,
General-0-20240103-08:44:43-452618,vector,TSN_multipath.host3.app[1].sink,meanBitLifeTimePerPacket:vector,,,"0.01700161087 0.01800161087 0.02000161087 0.02100161087 0.02200161087 0.02300161087 0.02400161087 0.02500161087 0.02600161087 0.02700161087 0.02800161087 0.02900161087 0.03000161087 0.03100161087 0.03700161087 0.03800161087 0.03900161087 0.04000161087 0.04100161087 0.04200161087 0.04300161087 0.04400161087 0.04500161087 0.04600231487 0.04700231487 0.04800231487 0.04900231487 0.05000231487 0.05100231487 0.05200231487 0.06200161087 0.06300161087 0.06400161087 0.06500161087 0.07000161087 0.07100161087 0.07200161087 0.07600161087 0.07800161087 0.07900161087 0.08000161087 0.08100161087 0.08200161087 0.08300161087 0.08400161087 0.08500161087 0.08600161087 0.08700161087 0.08800161087 0.08900161087 0.09000161087 0.09100161087 0.09200161087 0.09300161087 0.09400161087 0.09500161087 0.09700161087 0.09800161087","1.61087e-06 1.61087e-06 1.61087e-06 1.61087e-06 1.61087e-06 1.61087e-06 1.61087e-06 1.61087e-06 1.61087e-06 1.61087e-06 1.61087e-06 1.61087e-06 1.61087e-06 1.61087e-06 1.61087e-06 1.61087e-06 1.61087e-06 1.61087e-06 1.61087e-06 1.61087e-06 1.61087e-06 1.61087e-06 1.61087e-06 2.31487e-06 2.31487e-06 2.31487e-06 2.31487e-06 2.31487e-06 2.31487e-06 2.31487e-06 1.61087e-06 1.61087e-06 1.61087e-06 1.61087e-06 1.61087e-06 1.61087e-06 1.61087e-06 1.61087e-06 1.61087e-06 1.61087e-06 1.61087e-06 1.61087e-06 1.61087e-06 1.61087e-06 1.61087e-06 1.61087e-06 1.61087e-06 1.61087e-06 1.61087e-06 1.61087e-06 1.61087e-06 1.61087e-06 1.61087e-06 1.61087e-06 1.61087e-06 1.61087e-06 1.61087e-06 1.61087e-06"
General-0-20240103-08:44:43-452618,attr,TSN_multipath.host3.app[1].sink,meanBitLifeTimePerPacket:vector,interpolationmode,none,,
General-0-20240103-08:44:43-452618,attr,TSN_multipath.host3.app[1].sink,meanBitLifeTimePerPacket:vector,recordingmode,vector,,
General-0-20240103-08:44:43-452618,attr,TSN_multipath.host3.app[1].sink,meanBitLifeTimePerPacket:vector,source,weightedMeanPerGroup(groupRegionsPerPacket(lifeTimePerRegion(packetPushed))),,
General-0-20240103-08:44:43-452618,attr,TSN_multipath.host3.app[1].sink,meanBitLifeTimePerPacket:vector,title,mean bit life time per packet,,
General-0-20240103-08:44:43-452618,attr,TSN_multipath.host3.app[1].sink,meanBitLifeTimePerPacket:vector,unit,s,,
